# Frequency (Hz)	EO Bandwidth (dB)
1.00e+08	-0.000010
2.00e+08	-0.000041
3.00e+08	-0.000093
4.00e+08	-0.000165
5.00e+08	-0.000257
6.00e+08	-0.000371
7.00e+08	-0.000505
8.00e+08	-0.000659
9.00e+08	-0.000834
1.00e+09	-0.001030
1.10e+09	-0.001246
1.20e+09	-0.001483
1.30e+09	-0.001740
1.40e+09	-0.002018
1.50e+09	-0.002317
1.60e+09	-0.002636
1.70e+09	-0.002975
1.80e+09	-0.003336
1.90e+09	-0.003716
2.00e+09	-0.004118
2.10e+09	-0.004540
2.20e+09	-0.004982
2.30e+09	-0.005445
2.40e+09	-0.005929
2.50e+09	-0.006433
2.60e+09	-0.006957
2.70e+09	-0.007502
2.80e+09	-0.008068
2.90e+09	-0.008654
3.00e+09	-0.009260
3.10e+09	-0.009887
3.20e+09	-0.010535
3.30e+09	-0.011203
3.40e+09	-0.011891
3.50e+09	-0.012600
3.60e+09	-0.013329
3.70e+09	-0.014079
3.80e+09	-0.014849
3.90e+09	-0.015640
4.00e+09	-0.016451
4.10e+09	-0.017282
4.20e+09	-0.018134
4.30e+09	-0.019006
4.40e+09	-0.019899
4.50e+09	-0.020811
4.60e+09	-0.021745
4.70e+09	-0.022698
4.80e+09	-0.023672
4.90e+09	-0.024666
5.00e+09	-0.025681
5.10e+09	-0.026715
5.20e+09	-0.027770
5.30e+09	-0.028846
5.40e+09	-0.029941
5.50e+09	-0.031057
5.60e+09	-0.032193
5.70e+09	-0.033349
5.80e+09	-0.034525
5.90e+09	-0.035722
6.00e+09	-0.036938
6.10e+09	-0.038175
6.20e+09	-0.039432
6.30e+09	-0.040709
6.40e+09	-0.042006
6.50e+09	-0.043324
6.60e+09	-0.044661
6.70e+09	-0.046018
6.80e+09	-0.047396
6.90e+09	-0.048793
7.00e+09	-0.050210
7.10e+09	-0.051648
7.20e+09	-0.053105
7.30e+09	-0.054583
7.40e+09	-0.056080
7.50e+09	-0.057597
7.60e+09	-0.059134
7.70e+09	-0.060691
7.80e+09	-0.062268
7.90e+09	-0.063864
8.00e+09	-0.065481
8.10e+09	-0.067117
8.20e+09	-0.068773
8.30e+09	-0.070449
8.40e+09	-0.072144
8.50e+09	-0.073860
8.60e+09	-0.075595
8.70e+09	-0.077349
8.80e+09	-0.079123
8.90e+09	-0.080917
9.00e+09	-0.082731
9.10e+09	-0.084564
9.20e+09	-0.086417
9.30e+09	-0.088289
9.40e+09	-0.090181
9.50e+09	-0.092092
9.60e+09	-0.094023
9.70e+09	-0.095973
9.80e+09	-0.097943
9.90e+09	-0.099932
1.00e+10	-0.101940
1.01e+10	-0.103968
1.02e+10	-0.106015
1.03e+10	-0.108082
1.04e+10	-0.110168
1.05e+10	-0.112273
1.06e+10	-0.114397
1.07e+10	-0.116541
1.08e+10	-0.118703
1.09e+10	-0.120885
1.10e+10	-0.123086
1.11e+10	-0.125306
1.12e+10	-0.127546
1.13e+10	-0.129804
1.14e+10	-0.132081
1.15e+10	-0.134378
1.16e+10	-0.136693
1.17e+10	-0.139027
1.18e+10	-0.141381
1.19e+10	-0.143753
1.20e+10	-0.146144
1.21e+10	-0.148554
1.22e+10	-0.150983
1.23e+10	-0.153430
1.24e+10	-0.155896
1.25e+10	-0.158381
1.26e+10	-0.160885
1.27e+10	-0.163408
1.28e+10	-0.165949
1.29e+10	-0.168508
1.30e+10	-0.171087
1.31e+10	-0.173683
1.32e+10	-0.176299
1.33e+10	-0.178933
1.34e+10	-0.181585
1.35e+10	-0.184256
1.36e+10	-0.186945
1.37e+10	-0.189653
1.38e+10	-0.192379
1.39e+10	-0.195123
1.40e+10	-0.197886
1.41e+10	-0.200666
1.42e+10	-0.203466
1.43e+10	-0.206283
1.44e+10	-0.209118
1.45e+10	-0.211972
1.46e+10	-0.214844
1.47e+10	-0.217733
1.48e+10	-0.220641
1.49e+10	-0.223567
1.50e+10	-0.226511
1.51e+10	-0.229472
1.52e+10	-0.232452
1.53e+10	-0.235450
1.54e+10	-0.238465
1.55e+10	-0.241498
1.56e+10	-0.244549
1.57e+10	-0.247618
1.58e+10	-0.250704
1.59e+10	-0.253808
1.60e+10	-0.256930
1.61e+10	-0.260069
1.62e+10	-0.263226
1.63e+10	-0.266400
1.64e+10	-0.269592
1.65e+10	-0.272802
1.66e+10	-0.276028
1.67e+10	-0.279273
1.68e+10	-0.282534
1.69e+10	-0.285813
1.70e+10	-0.289109
1.71e+10	-0.292423
1.72e+10	-0.295753
1.73e+10	-0.299101
1.74e+10	-0.302466
1.75e+10	-0.305848
1.76e+10	-0.309248
1.77e+10	-0.312664
1.78e+10	-0.316097
1.79e+10	-0.319547
1.80e+10	-0.323014
1.81e+10	-0.326498
1.82e+10	-0.329999
1.83e+10	-0.333517
1.84e+10	-0.337051
1.85e+10	-0.340603
1.86e+10	-0.344170
1.87e+10	-0.347755
1.88e+10	-0.351356
1.89e+10	-0.354974
1.90e+10	-0.358608
1.91e+10	-0.362259
1.92e+10	-0.365927
1.93e+10	-0.369611
1.94e+10	-0.373311
1.95e+10	-0.377027
1.96e+10	-0.380760
1.97e+10	-0.384509
1.98e+10	-0.388275
1.99e+10	-0.392057
2.00e+10	-0.395854
2.01e+10	-0.399668
2.02e+10	-0.403498
2.03e+10	-0.407344
2.04e+10	-0.411207
2.05e+10	-0.415085
2.06e+10	-0.418979
2.07e+10	-0.422889
2.08e+10	-0.426814
2.09e+10	-0.430756
2.10e+10	-0.434713
2.11e+10	-0.438687
2.12e+10	-0.442675
2.13e+10	-0.446680
2.14e+10	-0.450700
2.15e+10	-0.454736
2.16e+10	-0.458787
2.17e+10	-0.462853
2.18e+10	-0.466936
2.19e+10	-0.471033
2.20e+10	-0.475146
2.21e+10	-0.479274
2.22e+10	-0.483418
2.23e+10	-0.487577
2.24e+10	-0.491751
2.25e+10	-0.495940
2.26e+10	-0.500144
2.27e+10	-0.504364
2.28e+10	-0.508598
2.29e+10	-0.512848
2.30e+10	-0.517112
2.31e+10	-0.521392
2.32e+10	-0.525686
2.33e+10	-0.529995
2.34e+10	-0.534319
2.35e+10	-0.538657
2.36e+10	-0.543011
2.37e+10	-0.547379
2.38e+10	-0.551762
2.39e+10	-0.556159
2.40e+10	-0.560571
2.41e+10	-0.564997
2.42e+10	-0.569438
2.43e+10	-0.573893
2.44e+10	-0.578363
2.45e+10	-0.582846
2.46e+10	-0.587345
2.47e+10	-0.591857
2.48e+10	-0.596384
2.49e+10	-0.600925
2.50e+10	-0.605480
2.51e+10	-0.610049
2.52e+10	-0.614632
2.53e+10	-0.619229
2.54e+10	-0.623840
2.55e+10	-0.628465
2.56e+10	-0.633104
2.57e+10	-0.637757
2.58e+10	-0.642423
2.59e+10	-0.647103
2.60e+10	-0.651797
2.61e+10	-0.656505
2.62e+10	-0.661226
2.63e+10	-0.665961
2.64e+10	-0.670709
2.65e+10	-0.675471
2.66e+10	-0.680246
2.67e+10	-0.685035
2.68e+10	-0.689837
2.69e+10	-0.694652
2.70e+10	-0.699481
2.71e+10	-0.704323
2.72e+10	-0.709178
2.73e+10	-0.714046
2.74e+10	-0.718927
2.75e+10	-0.723822
2.76e+10	-0.728729
2.77e+10	-0.733649
2.78e+10	-0.738583
2.79e+10	-0.743529
2.80e+10	-0.748488
2.81e+10	-0.753460
2.82e+10	-0.758444
2.83e+10	-0.763442
2.84e+10	-0.768452
2.85e+10	-0.773474
2.86e+10	-0.778509
2.87e+10	-0.783557
2.88e+10	-0.788617
2.89e+10	-0.793690
2.90e+10	-0.798775
2.91e+10	-0.803872
2.92e+10	-0.808982
2.93e+10	-0.814104
2.94e+10	-0.819239
2.95e+10	-0.824385
2.96e+10	-0.829544
2.97e+10	-0.834715
2.98e+10	-0.839898
2.99e+10	-0.845092
3.00e+10	-0.850299
3.01e+10	-0.855518
3.02e+10	-0.860749
3.03e+10	-0.865991
3.04e+10	-0.871246
3.05e+10	-0.876512
3.06e+10	-0.881790
3.07e+10	-0.887079
3.08e+10	-0.892381
3.09e+10	-0.897693
3.10e+10	-0.903018
3.11e+10	-0.908354
3.12e+10	-0.913701
3.13e+10	-0.919060
3.14e+10	-0.924430
3.15e+10	-0.929811
3.16e+10	-0.935204
3.17e+10	-0.940608
3.18e+10	-0.946024
3.19e+10	-0.951450
3.20e+10	-0.956887
3.21e+10	-0.962336
3.22e+10	-0.967796
3.23e+10	-0.973266
3.24e+10	-0.978748
3.25e+10	-0.984241
3.26e+10	-0.989744
3.27e+10	-0.995258
3.28e+10	-1.000783
3.29e+10	-1.006319
3.30e+10	-1.011866
3.31e+10	-1.017423
3.32e+10	-1.022990
3.33e+10	-1.028569
3.34e+10	-1.034158
3.35e+10	-1.039757
3.36e+10	-1.045367
3.37e+10	-1.050987
3.38e+10	-1.056618
3.39e+10	-1.062259
3.40e+10	-1.067910
3.41e+10	-1.073571
3.42e+10	-1.079243
3.43e+10	-1.084924
3.44e+10	-1.090616
3.45e+10	-1.096318
3.46e+10	-1.102030
3.47e+10	-1.107752
3.48e+10	-1.113484
3.49e+10	-1.119226
3.50e+10	-1.124978
3.51e+10	-1.130739
3.52e+10	-1.136510
3.53e+10	-1.142291
3.54e+10	-1.148082
3.55e+10	-1.153882
3.56e+10	-1.159692
3.57e+10	-1.165512
3.58e+10	-1.171341
3.59e+10	-1.177179
3.60e+10	-1.183027
3.61e+10	-1.188885
3.62e+10	-1.194752
3.63e+10	-1.200628
3.64e+10	-1.206513
3.65e+10	-1.212408
3.66e+10	-1.218311
3.67e+10	-1.224224
3.68e+10	-1.230147
3.69e+10	-1.236078
3.70e+10	-1.242018
3.71e+10	-1.247967
3.72e+10	-1.253925
3.73e+10	-1.259892
3.74e+10	-1.265868
3.75e+10	-1.271853
3.76e+10	-1.277847
3.77e+10	-1.283849
3.78e+10	-1.289860
3.79e+10	-1.295880
3.80e+10	-1.301908
3.81e+10	-1.307945
3.82e+10	-1.313991
3.83e+10	-1.320045
3.84e+10	-1.326108
3.85e+10	-1.332179
3.86e+10	-1.338258
3.87e+10	-1.344346
3.88e+10	-1.350442
3.89e+10	-1.356546
3.90e+10	-1.362659
3.91e+10	-1.368779
3.92e+10	-1.374908
3.93e+10	-1.381045
3.94e+10	-1.387191
3.95e+10	-1.393344
3.96e+10	-1.399505
3.97e+10	-1.405674
3.98e+10	-1.411851
3.99e+10	-1.418036
4.00e+10	-1.424229
4.01e+10	-1.430430
4.02e+10	-1.436638
4.03e+10	-1.442854
4.04e+10	-1.449078
4.05e+10	-1.455310
4.06e+10	-1.461549
4.07e+10	-1.467795
4.08e+10	-1.474050
4.09e+10	-1.480311
4.10e+10	-1.486581
4.11e+10	-1.492857
4.12e+10	-1.499141
4.13e+10	-1.505433
4.14e+10	-1.511732
4.15e+10	-1.518038
4.16e+10	-1.524351
4.17e+10	-1.530671
4.18e+10	-1.536999
4.19e+10	-1.543334
4.20e+10	-1.549675
4.21e+10	-1.556024
4.22e+10	-1.562380
4.23e+10	-1.568743
4.24e+10	-1.575113
4.25e+10	-1.581490
4.26e+10	-1.587873
4.27e+10	-1.594264
4.28e+10	-1.600661
4.29e+10	-1.607065
4.30e+10	-1.613476
4.31e+10	-1.619893
4.32e+10	-1.626317
4.33e+10	-1.632748
4.34e+10	-1.639185
4.35e+10	-1.645629
4.36e+10	-1.652079
4.37e+10	-1.658536
4.38e+10	-1.664999
4.39e+10	-1.671469
4.40e+10	-1.677945
4.41e+10	-1.684427
4.42e+10	-1.690916
4.43e+10	-1.697411
4.44e+10	-1.703912
4.45e+10	-1.710419
4.46e+10	-1.716932
4.47e+10	-1.723452
4.48e+10	-1.729978
4.49e+10	-1.736509
4.50e+10	-1.743047
4.51e+10	-1.749591
4.52e+10	-1.756140
4.53e+10	-1.762696
4.54e+10	-1.769257
4.55e+10	-1.775825
4.56e+10	-1.782398
4.57e+10	-1.788976
4.58e+10	-1.795561
4.59e+10	-1.802151
4.60e+10	-1.808747
4.61e+10	-1.815349
4.62e+10	-1.821956
4.63e+10	-1.828569
4.64e+10	-1.835187
4.65e+10	-1.841811
4.66e+10	-1.848440
4.67e+10	-1.855075
4.68e+10	-1.861715
4.69e+10	-1.868360
4.70e+10	-1.875011
4.71e+10	-1.881667
4.72e+10	-1.888329
4.73e+10	-1.894995
4.74e+10	-1.901667
4.75e+10	-1.908344
4.76e+10	-1.915026
4.77e+10	-1.921713
4.78e+10	-1.928406
4.79e+10	-1.935103
4.80e+10	-1.941805
4.81e+10	-1.948513
4.82e+10	-1.955225
4.83e+10	-1.961942
4.84e+10	-1.968664
4.85e+10	-1.975391
4.86e+10	-1.982123
4.87e+10	-1.988859
4.88e+10	-1.995601
4.89e+10	-2.002347
4.90e+10	-2.009097
4.91e+10	-2.015853
4.92e+10	-2.022613
4.93e+10	-2.029377
4.94e+10	-2.036146
4.95e+10	-2.042920
4.96e+10	-2.049698
4.97e+10	-2.056481
4.98e+10	-2.063268
4.99e+10	-2.070060
5.00e+10	-2.076855
5.01e+10	-2.083656
5.02e+10	-2.090460
5.03e+10	-2.097269
5.04e+10	-2.104082
5.05e+10	-2.110900
5.06e+10	-2.117721
5.07e+10	-2.124547
5.08e+10	-2.131377
5.09e+10	-2.138211
5.10e+10	-2.145049
5.11e+10	-2.151891
5.12e+10	-2.158737
5.13e+10	-2.165588
5.14e+10	-2.172442
5.15e+10	-2.179300
5.16e+10	-2.186162
5.17e+10	-2.193028
5.18e+10	-2.199897
5.19e+10	-2.206771
5.20e+10	-2.213648
5.21e+10	-2.220529
5.22e+10	-2.227414
5.23e+10	-2.234303
5.24e+10	-2.241195
5.25e+10	-2.248091
5.26e+10	-2.254990
5.27e+10	-2.261893
5.28e+10	-2.268800
5.29e+10	-2.275710
5.30e+10	-2.282624
5.31e+10	-2.289541
5.32e+10	-2.296462
5.33e+10	-2.303386
5.34e+10	-2.310313
5.35e+10	-2.317244
5.36e+10	-2.324178
5.37e+10	-2.331116
5.38e+10	-2.338057
5.39e+10	-2.345001
5.40e+10	-2.351948
5.41e+10	-2.358898
5.42e+10	-2.365852
5.43e+10	-2.372809
5.44e+10	-2.379769
5.45e+10	-2.386732
5.46e+10	-2.393698
5.47e+10	-2.400667
5.48e+10	-2.407640
5.49e+10	-2.414615
5.50e+10	-2.421593
5.51e+10	-2.428574
5.52e+10	-2.435558
5.53e+10	-2.442545
5.54e+10	-2.449535
5.55e+10	-2.456528
5.56e+10	-2.463523
5.57e+10	-2.470522
5.58e+10	-2.477523
5.59e+10	-2.484527
5.60e+10	-2.491533
5.61e+10	-2.498542
5.62e+10	-2.505554
5.63e+10	-2.512569
5.64e+10	-2.519586
5.65e+10	-2.526606
5.66e+10	-2.533628
5.67e+10	-2.540653
5.68e+10	-2.547680
5.69e+10	-2.554710
5.70e+10	-2.561742
5.71e+10	-2.568777
5.72e+10	-2.575814
5.73e+10	-2.582854
5.74e+10	-2.589896
5.75e+10	-2.596940
5.76e+10	-2.603987
5.77e+10	-2.611036
5.78e+10	-2.618087
5.79e+10	-2.625141
5.80e+10	-2.632196
5.81e+10	-2.639254
5.82e+10	-2.646314
5.83e+10	-2.653377
5.84e+10	-2.660441
5.85e+10	-2.667507
5.86e+10	-2.674576
5.87e+10	-2.681647
5.88e+10	-2.688719
5.89e+10	-2.695794
5.90e+10	-2.702871
5.91e+10	-2.709950
5.92e+10	-2.717030
5.93e+10	-2.724113
5.94e+10	-2.731197
5.95e+10	-2.738284
5.96e+10	-2.745372
5.97e+10	-2.752462
5.98e+10	-2.759554
5.99e+10	-2.766648
6.00e+10	-2.773743
6.01e+10	-2.780841
6.02e+10	-2.787940
6.03e+10	-2.795040
6.04e+10	-2.802143
6.05e+10	-2.809247
6.06e+10	-2.816353
6.07e+10	-2.823460
6.08e+10	-2.830569
6.09e+10	-2.837679
6.10e+10	-2.844792
6.11e+10	-2.851905
6.12e+10	-2.859020
6.13e+10	-2.866137
6.14e+10	-2.873255
6.15e+10	-2.880375
6.16e+10	-2.887496
6.17e+10	-2.894618
6.18e+10	-2.901742
6.19e+10	-2.908867
6.20e+10	-2.915994
6.21e+10	-2.923122
6.22e+10	-2.930251
6.23e+10	-2.937382
6.24e+10	-2.944513
6.25e+10	-2.951646
6.26e+10	-2.958781
6.27e+10	-2.965916
6.28e+10	-2.973053
6.29e+10	-2.980191
6.30e+10	-2.987330
6.31e+10	-2.994470
6.32e+10	-3.001611
6.33e+10	-3.008754
6.34e+10	-3.015897
6.35e+10	-3.023042
6.36e+10	-3.030187
6.37e+10	-3.037334
6.38e+10	-3.044482
6.39e+10	-3.051630
6.40e+10	-3.058780
6.41e+10	-3.065930
6.42e+10	-3.073082
6.43e+10	-3.080234
6.44e+10	-3.087387
6.45e+10	-3.094541
6.46e+10	-3.101696
6.47e+10	-3.108852
6.48e+10	-3.116009
6.49e+10	-3.123166
6.50e+10	-3.130324
6.51e+10	-3.137483
6.52e+10	-3.144643
6.53e+10	-3.151804
6.54e+10	-3.158965
6.55e+10	-3.166127
6.56e+10	-3.173289
6.57e+10	-3.180452
6.58e+10	-3.187616
6.59e+10	-3.194780
6.60e+10	-3.201946
6.61e+10	-3.209111
6.62e+10	-3.216277
6.63e+10	-3.223444
6.64e+10	-3.230611
6.65e+10	-3.237779
6.66e+10	-3.244948
6.67e+10	-3.252116
6.68e+10	-3.259286
6.69e+10	-3.266455
6.70e+10	-3.273626
6.71e+10	-3.280796
6.72e+10	-3.287967
6.73e+10	-3.295138
6.74e+10	-3.302310
6.75e+10	-3.309482
6.76e+10	-3.316655
6.77e+10	-3.323827
6.78e+10	-3.331001
6.79e+10	-3.338174
6.80e+10	-3.345347
6.81e+10	-3.352521
6.82e+10	-3.359695
6.83e+10	-3.366870
6.84e+10	-3.374044
6.85e+10	-3.381219
6.86e+10	-3.388394
6.87e+10	-3.395569
6.88e+10	-3.402744
6.89e+10	-3.409920
6.90e+10	-3.417095
6.91e+10	-3.424271
6.92e+10	-3.431447
6.93e+10	-3.438622
6.94e+10	-3.445798
6.95e+10	-3.452974
6.96e+10	-3.460150
6.97e+10	-3.467326
6.98e+10	-3.474502
6.99e+10	-3.481677
7.00e+10	-3.488853
7.01e+10	-3.496029
7.02e+10	-3.503205
7.03e+10	-3.510380
7.04e+10	-3.517556
7.05e+10	-3.524731
7.06e+10	-3.531907
7.07e+10	-3.539082
7.08e+10	-3.546257
7.09e+10	-3.553432
7.10e+10	-3.560606
7.11e+10	-3.567781
7.12e+10	-3.574955
7.13e+10	-3.582129
7.14e+10	-3.589303
7.15e+10	-3.596477
7.16e+10	-3.603650
7.17e+10	-3.610823
7.18e+10	-3.617996
7.19e+10	-3.625169
7.20e+10	-3.632341
7.21e+10	-3.639513
7.22e+10	-3.646684
7.23e+10	-3.653855
7.24e+10	-3.661026
7.25e+10	-3.668197
7.26e+10	-3.675367
7.27e+10	-3.682536
7.28e+10	-3.689705
7.29e+10	-3.696874
7.30e+10	-3.704043
7.31e+10	-3.711210
7.32e+10	-3.718378
7.33e+10	-3.725545
7.34e+10	-3.732711
7.35e+10	-3.739877
7.36e+10	-3.747043
7.37e+10	-3.754207
7.38e+10	-3.761372
7.39e+10	-3.768535
7.40e+10	-3.775699
7.41e+10	-3.782861
7.42e+10	-3.790023
7.43e+10	-3.797185
7.44e+10	-3.804346
7.45e+10	-3.811506
7.46e+10	-3.818665
7.47e+10	-3.825824
7.48e+10	-3.832982
7.49e+10	-3.840140
7.50e+10	-3.847297
7.51e+10	-3.854453
7.52e+10	-3.861608
7.53e+10	-3.868763
7.54e+10	-3.875917
7.55e+10	-3.883070
7.56e+10	-3.890223
7.57e+10	-3.897374
7.58e+10	-3.904525
7.59e+10	-3.911675
7.60e+10	-3.918825
7.61e+10	-3.925973
7.62e+10	-3.933121
7.63e+10	-3.940268
7.64e+10	-3.947414
7.65e+10	-3.954559
7.66e+10	-3.961703
7.67e+10	-3.968846
7.68e+10	-3.975989
7.69e+10	-3.983130
7.70e+10	-3.990271
7.71e+10	-3.997411
7.72e+10	-4.004550
7.73e+10	-4.011687
7.74e+10	-4.018824
7.75e+10	-4.025960
7.76e+10	-4.033095
7.77e+10	-4.040229
7.78e+10	-4.047362
7.79e+10	-4.054494
7.80e+10	-4.061625
7.81e+10	-4.068755
7.82e+10	-4.075884
7.83e+10	-4.083012
7.84e+10	-4.090139
7.85e+10	-4.097264
7.86e+10	-4.104389
7.87e+10	-4.111513
7.88e+10	-4.118635
7.89e+10	-4.125756
7.90e+10	-4.132877
7.91e+10	-4.139996
7.92e+10	-4.147114
7.93e+10	-4.154231
7.94e+10	-4.161346
7.95e+10	-4.168461
7.96e+10	-4.175574
7.97e+10	-4.182686
7.98e+10	-4.189797
7.99e+10	-4.196907
8.00e+10	-4.204016
8.01e+10	-4.211123
8.02e+10	-4.218229
8.03e+10	-4.225334
8.04e+10	-4.232438
8.05e+10	-4.239540
8.06e+10	-4.246641
8.07e+10	-4.253741
8.08e+10	-4.260839
8.09e+10	-4.267937
8.10e+10	-4.275033
8.11e+10	-4.282127
8.12e+10	-4.289221
8.13e+10	-4.296313
8.14e+10	-4.303403
8.15e+10	-4.310493
8.16e+10	-4.317581
8.17e+10	-4.324667
8.18e+10	-4.331752
8.19e+10	-4.338836
8.20e+10	-4.345919
8.21e+10	-4.353000
8.22e+10	-4.360079
8.23e+10	-4.367158
8.24e+10	-4.374235
8.25e+10	-4.381310
8.26e+10	-4.388384
8.27e+10	-4.395457
8.28e+10	-4.402528
8.29e+10	-4.409597
8.30e+10	-4.416666
8.31e+10	-4.423732
8.32e+10	-4.430797
8.33e+10	-4.437861
8.34e+10	-4.444923
8.35e+10	-4.451984
8.36e+10	-4.459043
8.37e+10	-4.466101
8.38e+10	-4.473157
8.39e+10	-4.480212
8.40e+10	-4.487265
8.41e+10	-4.494316
8.42e+10	-4.501366
8.43e+10	-4.508415
8.44e+10	-4.515462
8.45e+10	-4.522507
8.46e+10	-4.529550
8.47e+10	-4.536593
8.48e+10	-4.543633
8.49e+10	-4.550672
8.50e+10	-4.557709
8.51e+10	-4.564745
8.52e+10	-4.571779
8.53e+10	-4.578811
8.54e+10	-4.585842
8.55e+10	-4.592871
8.56e+10	-4.599898
8.57e+10	-4.606924
8.58e+10	-4.613948
8.59e+10	-4.620970
8.60e+10	-4.627991
8.61e+10	-4.635010
8.62e+10	-4.642027
8.63e+10	-4.649043
8.64e+10	-4.656057
8.65e+10	-4.663069
8.66e+10	-4.670079
8.67e+10	-4.677088
8.68e+10	-4.684095
8.69e+10	-4.691100
8.70e+10	-4.698104
8.71e+10	-4.705105
8.72e+10	-4.712105
8.73e+10	-4.719103
8.74e+10	-4.726100
8.75e+10	-4.733094
8.76e+10	-4.740087
8.77e+10	-4.747078
8.78e+10	-4.754067
8.79e+10	-4.761055
8.80e+10	-4.768040
8.81e+10	-4.775024
8.82e+10	-4.782006
8.83e+10	-4.788986
8.84e+10	-4.795964
8.85e+10	-4.802941
8.86e+10	-4.809915
8.87e+10	-4.816888
8.88e+10	-4.823859
8.89e+10	-4.830828
8.90e+10	-4.837795
8.91e+10	-4.844760
8.92e+10	-4.851724
8.93e+10	-4.858685
8.94e+10	-4.865645
8.95e+10	-4.872602
8.96e+10	-4.879558
8.97e+10	-4.886512
8.98e+10	-4.893464
8.99e+10	-4.900414
9.00e+10	-4.907362
9.01e+10	-4.914308
9.02e+10	-4.921252
9.03e+10	-4.928195
9.04e+10	-4.935135
9.05e+10	-4.942073
9.06e+10	-4.949010
9.07e+10	-4.955944
9.08e+10	-4.962877
9.09e+10	-4.969807
9.10e+10	-4.976736
9.11e+10	-4.983662
9.12e+10	-4.990587
9.13e+10	-4.997509
9.14e+10	-5.004430
9.15e+10	-5.011349
9.16e+10	-5.018265
9.17e+10	-5.025180
9.18e+10	-5.032092
9.19e+10	-5.039003
9.20e+10	-5.045911
9.21e+10	-5.052817
9.22e+10	-5.059722
9.23e+10	-5.066624
9.24e+10	-5.073524
9.25e+10	-5.080423
9.26e+10	-5.087319
9.27e+10	-5.094213
9.28e+10	-5.101105
9.29e+10	-5.107995
9.30e+10	-5.114883
9.31e+10	-5.121769
9.32e+10	-5.128652
9.33e+10	-5.135534
9.34e+10	-5.142413
9.35e+10	-5.149291
9.36e+10	-5.156166
9.37e+10	-5.163039
9.38e+10	-5.169911
9.39e+10	-5.176780
9.40e+10	-5.183646
9.41e+10	-5.190511
9.42e+10	-5.197374
9.43e+10	-5.204234
9.44e+10	-5.211093
9.45e+10	-5.217949
9.46e+10	-5.224803
9.47e+10	-5.231655
9.48e+10	-5.238505
9.49e+10	-5.245352
9.50e+10	-5.252198
9.51e+10	-5.259041
9.52e+10	-5.265882
9.53e+10	-5.272721
9.54e+10	-5.279558
9.55e+10	-5.286393
9.56e+10	-5.293225
9.57e+10	-5.300055
9.58e+10	-5.306883
9.59e+10	-5.313709
9.60e+10	-5.320533
9.61e+10	-5.327354
9.62e+10	-5.334173
9.63e+10	-5.340990
9.64e+10	-5.347805
9.65e+10	-5.354618
9.66e+10	-5.361428
9.67e+10	-5.368236
9.68e+10	-5.375042
9.69e+10	-5.381846
9.70e+10	-5.388647
9.71e+10	-5.395447
9.72e+10	-5.402244
9.73e+10	-5.409038
9.74e+10	-5.415831
9.75e+10	-5.422621
9.76e+10	-5.429409
9.77e+10	-5.436195
9.78e+10	-5.442978
9.79e+10	-5.449759
9.80e+10	-5.456538
9.81e+10	-5.463315
9.82e+10	-5.470089
9.83e+10	-5.476861
9.84e+10	-5.483631
9.85e+10	-5.490399
9.86e+10	-5.497164
9.87e+10	-5.503927
9.88e+10	-5.510688
9.89e+10	-5.517446
9.90e+10	-5.524202
9.91e+10	-5.530956
9.92e+10	-5.537707
9.93e+10	-5.544456
9.94e+10	-5.551203
9.95e+10	-5.557948
9.96e+10	-5.564690
9.97e+10	-5.571430
9.98e+10	-5.578167
9.99e+10	-5.584903
1.00e+11	-5.591635
1.00e+11	-5.598366
1.00e+11	-5.605094
1.00e+11	-5.611820
1.00e+11	-5.618544
1.00e+11	-5.625265
1.01e+11	-5.631984
1.01e+11	-5.638700
1.01e+11	-5.645415
1.01e+11	-5.652126
1.01e+11	-5.658836
1.01e+11	-5.665543
1.01e+11	-5.672248
1.01e+11	-5.678950
1.01e+11	-5.685650
1.02e+11	-5.692348
1.02e+11	-5.699043
1.02e+11	-5.705736
1.02e+11	-5.712426
1.02e+11	-5.719115
1.02e+11	-5.725800
1.02e+11	-5.732484
1.02e+11	-5.739165
1.02e+11	-5.745843
1.02e+11	-5.752520
1.02e+11	-5.759193
1.03e+11	-5.765865
1.03e+11	-5.772534
1.03e+11	-5.779201
1.03e+11	-5.785865
1.03e+11	-5.792527
1.03e+11	-5.799186
1.03e+11	-5.805843
1.03e+11	-5.812498
1.03e+11	-5.819150
1.04e+11	-5.825800
1.04e+11	-5.832447
1.04e+11	-5.839092
1.04e+11	-5.845734
1.04e+11	-5.852375
1.04e+11	-5.859012
1.04e+11	-5.865648
1.04e+11	-5.872280
1.04e+11	-5.878911
1.04e+11	-5.885539
1.04e+11	-5.892164
1.05e+11	-5.898787
1.05e+11	-5.905408
1.05e+11	-5.912026
1.05e+11	-5.918642
1.05e+11	-5.925255
1.05e+11	-5.931866
1.05e+11	-5.938474
1.05e+11	-5.945080
1.05e+11	-5.951684
1.06e+11	-5.958285
1.06e+11	-5.964884
1.06e+11	-5.971480
1.06e+11	-5.978073
1.06e+11	-5.984665
1.06e+11	-5.991253
1.06e+11	-5.997840
1.06e+11	-6.004424
1.06e+11	-6.011005
1.06e+11	-6.017584
1.06e+11	-6.024160
1.07e+11	-6.030734
1.07e+11	-6.037306
1.07e+11	-6.043875
1.07e+11	-6.050441
1.07e+11	-6.057005
1.07e+11	-6.063567
1.07e+11	-6.070126
1.07e+11	-6.076683
1.07e+11	-6.083237
1.08e+11	-6.089788
1.08e+11	-6.096337
1.08e+11	-6.102884
1.08e+11	-6.109428
1.08e+11	-6.115970
1.08e+11	-6.122509
1.08e+11	-6.129046
1.08e+11	-6.135580
1.08e+11	-6.142112
1.08e+11	-6.148641
1.08e+11	-6.155167
1.09e+11	-6.161692
1.09e+11	-6.168213
1.09e+11	-6.174732
1.09e+11	-6.181249
1.09e+11	-6.187763
1.09e+11	-6.194275
1.09e+11	-6.200784
1.09e+11	-6.207291
1.09e+11	-6.213795
1.10e+11	-6.220296
1.10e+11	-6.226796
1.10e+11	-6.233292
1.10e+11	-6.239786
1.10e+11	-6.246278
1.10e+11	-6.252767
1.10e+11	-6.259253
1.10e+11	-6.265737
1.10e+11	-6.272219
1.10e+11	-6.278698
1.10e+11	-6.285174
1.11e+11	-6.291648
1.11e+11	-6.298119
1.11e+11	-6.304588
1.11e+11	-6.311054
1.11e+11	-6.317518
1.11e+11	-6.323979
1.11e+11	-6.330438
1.11e+11	-6.336894
1.11e+11	-6.343348
1.12e+11	-6.349799
1.12e+11	-6.356248
1.12e+11	-6.362694
1.12e+11	-6.369137
1.12e+11	-6.375578
1.12e+11	-6.382017
1.12e+11	-6.388452
1.12e+11	-6.394886
1.12e+11	-6.401317
1.12e+11	-6.407745
1.12e+11	-6.414170
1.13e+11	-6.420594
1.13e+11	-6.427014
1.13e+11	-6.433432
1.13e+11	-6.439848
1.13e+11	-6.446261
1.13e+11	-6.452671
1.13e+11	-6.459079
1.13e+11	-6.465485
1.13e+11	-6.471887
1.14e+11	-6.478288
1.14e+11	-6.484685
1.14e+11	-6.491080
1.14e+11	-6.497473
1.14e+11	-6.503863
1.14e+11	-6.510250
1.14e+11	-6.516635
1.14e+11	-6.523018
1.14e+11	-6.529398
1.14e+11	-6.535775
1.14e+11	-6.542149
1.15e+11	-6.548522
1.15e+11	-6.554891
1.15e+11	-6.561258
1.15e+11	-6.567623
1.15e+11	-6.573985
1.15e+11	-6.580344
1.15e+11	-6.586701
1.15e+11	-6.593055
1.15e+11	-6.599407
1.16e+11	-6.605756
1.16e+11	-6.612102
1.16e+11	-6.618446
1.16e+11	-6.624788
1.16e+11	-6.631126
1.16e+11	-6.637463
1.16e+11	-6.643796
1.16e+11	-6.650128
1.16e+11	-6.656456
1.16e+11	-6.662782
1.16e+11	-6.669106
1.17e+11	-6.675426
1.17e+11	-6.681745
1.17e+11	-6.688060
1.17e+11	-6.694374
1.17e+11	-6.700684
1.17e+11	-6.706992
1.17e+11	-6.713298
1.17e+11	-6.719601
1.17e+11	-6.725901
1.18e+11	-6.732199
1.18e+11	-6.738494
1.18e+11	-6.744786
1.18e+11	-6.751077
1.18e+11	-6.757364
1.18e+11	-6.763649
1.18e+11	-6.769931
1.18e+11	-6.776211
1.18e+11	-6.782488
1.18e+11	-6.788763
1.18e+11	-6.795035
1.19e+11	-6.801304
1.19e+11	-6.807571
1.19e+11	-6.813836
1.19e+11	-6.820097
1.19e+11	-6.826356
1.19e+11	-6.832613
1.19e+11	-6.838867
1.19e+11	-6.845119
1.19e+11	-6.851367
1.20e+11	-6.857614
1.20e+11	-6.863857
1.20e+11	-6.870099
1.20e+11	-6.876337
1.20e+11	-6.882573
1.20e+11	-6.888807
1.20e+11	-6.895037
1.20e+11	-6.901266
1.20e+11	-6.907491
1.20e+11	-6.913715
1.20e+11	-6.919935
1.21e+11	-6.926153
1.21e+11	-6.932369
1.21e+11	-6.938581
1.21e+11	-6.944792
1.21e+11	-6.950999
1.21e+11	-6.957204
1.21e+11	-6.963407
1.21e+11	-6.969607
1.21e+11	-6.975804
1.22e+11	-6.981999
1.22e+11	-6.988191
1.22e+11	-6.994381
1.22e+11	-7.000568
1.22e+11	-7.006753
1.22e+11	-7.012935
1.22e+11	-7.019114
1.22e+11	-7.025291
1.22e+11	-7.031465
1.22e+11	-7.037637
1.22e+11	-7.043806
1.23e+11	-7.049972
1.23e+11	-7.056136
1.23e+11	-7.062298
1.23e+11	-7.068456
1.23e+11	-7.074613
1.23e+11	-7.080766
1.23e+11	-7.086917
1.23e+11	-7.093066
1.23e+11	-7.099212
1.24e+11	-7.105355
1.24e+11	-7.111496
1.24e+11	-7.117634
1.24e+11	-7.123770
1.24e+11	-7.129903
1.24e+11	-7.136033
1.24e+11	-7.142161
1.24e+11	-7.148286
1.24e+11	-7.154409
1.24e+11	-7.160529
1.24e+11	-7.166647
1.25e+11	-7.172762
1.25e+11	-7.178875
1.25e+11	-7.184985
1.25e+11	-7.191092
1.25e+11	-7.197197
1.25e+11	-7.203299
1.25e+11	-7.209399
1.25e+11	-7.215496
1.25e+11	-7.221590
1.26e+11	-7.227682
1.26e+11	-7.233772
1.26e+11	-7.239858
1.26e+11	-7.245943
1.26e+11	-7.252024
1.26e+11	-7.258104
1.26e+11	-7.264180
1.26e+11	-7.270254
1.26e+11	-7.276326
1.26e+11	-7.282394
1.26e+11	-7.288461
1.27e+11	-7.294525
1.27e+11	-7.300586
1.27e+11	-7.306644
1.27e+11	-7.312700
1.27e+11	-7.318754
1.27e+11	-7.324805
1.27e+11	-7.330853
1.27e+11	-7.336899
1.27e+11	-7.342942
1.28e+11	-7.348983
1.28e+11	-7.355021
1.28e+11	-7.361057
1.28e+11	-7.367090
1.28e+11	-7.373120
1.28e+11	-7.379148
1.28e+11	-7.385174
1.28e+11	-7.391196
1.28e+11	-7.397217
1.28e+11	-7.403234
1.28e+11	-7.409250
1.29e+11	-7.415262
1.29e+11	-7.421272
1.29e+11	-7.427280
1.29e+11	-7.433285
1.29e+11	-7.439287
1.29e+11	-7.445287
1.29e+11	-7.451284
1.29e+11	-7.457279
1.29e+11	-7.463271
1.30e+11	-7.469261
1.30e+11	-7.475248
1.30e+11	-7.481232
1.30e+11	-7.487214
1.30e+11	-7.493194
1.30e+11	-7.499171
1.30e+11	-7.505145
1.30e+11	-7.511117
1.30e+11	-7.517086
1.30e+11	-7.523053
1.30e+11	-7.529017
1.31e+11	-7.534979
1.31e+11	-7.540938
1.31e+11	-7.546894
1.31e+11	-7.552849
1.31e+11	-7.558800
1.31e+11	-7.564749
1.31e+11	-7.570695
1.31e+11	-7.576639
1.31e+11	-7.582581
1.32e+11	-7.588519
1.32e+11	-7.594456
1.32e+11	-7.600389
1.32e+11	-7.606321
1.32e+11	-7.612249
1.32e+11	-7.618175
1.32e+11	-7.624099
1.32e+11	-7.630020
1.32e+11	-7.635939
1.32e+11	-7.641855
1.32e+11	-7.647768
1.33e+11	-7.653679
1.33e+11	-7.659587
1.33e+11	-7.665493
1.33e+11	-7.671397
1.33e+11	-7.677297
1.33e+11	-7.683196
1.33e+11	-7.689092
1.33e+11	-7.694985
1.33e+11	-7.700876
1.34e+11	-7.706764
1.34e+11	-7.712649
1.34e+11	-7.718533
1.34e+11	-7.724413
1.34e+11	-7.730291
1.34e+11	-7.736167
1.34e+11	-7.742040
1.34e+11	-7.747911
1.34e+11	-7.753779
1.34e+11	-7.759644
1.34e+11	-7.765507
1.35e+11	-7.771368
1.35e+11	-7.777226
1.35e+11	-7.783081
1.35e+11	-7.788934
1.35e+11	-7.794785
1.35e+11	-7.800633
1.35e+11	-7.806478
1.35e+11	-7.812321
1.35e+11	-7.818162
1.36e+11	-7.824000
1.36e+11	-7.829835
1.36e+11	-7.835668
1.36e+11	-7.841498
1.36e+11	-7.847326
1.36e+11	-7.853152
1.36e+11	-7.858975
1.36e+11	-7.864795
1.36e+11	-7.870613
1.36e+11	-7.876428
1.36e+11	-7.882241
1.37e+11	-7.888052
1.37e+11	-7.893860
1.37e+11	-7.899665
1.37e+11	-7.905468
1.37e+11	-7.911268
1.37e+11	-7.917066
1.37e+11	-7.922862
1.37e+11	-7.928655
1.37e+11	-7.934445
1.38e+11	-7.940233
1.38e+11	-7.946019
1.38e+11	-7.951802
1.38e+11	-7.957582
1.38e+11	-7.963360
1.38e+11	-7.969136
1.38e+11	-7.974909
1.38e+11	-7.980679
1.38e+11	-7.986447
1.38e+11	-7.992213
1.38e+11	-7.997976
1.39e+11	-8.003737
1.39e+11	-8.009495
1.39e+11	-8.015251
1.39e+11	-8.021004
1.39e+11	-8.026755
1.39e+11	-8.032503
1.39e+11	-8.038249
1.39e+11	-8.043992
1.39e+11	-8.049733
1.40e+11	-8.055471
1.40e+11	-8.061207
1.40e+11	-8.066941
1.40e+11	-8.072672
1.40e+11	-8.078400
1.40e+11	-8.084126
1.40e+11	-8.089850
1.40e+11	-8.095571
1.40e+11	-8.101289
1.40e+11	-8.107006
1.40e+11	-8.112719
1.41e+11	-8.118431
1.41e+11	-8.124139
1.41e+11	-8.129846
1.41e+11	-8.135550
1.41e+11	-8.141251
1.41e+11	-8.146950
1.41e+11	-8.152646
1.41e+11	-8.158341
1.41e+11	-8.164032
1.42e+11	-8.169721
1.42e+11	-8.175408
1.42e+11	-8.181092
1.42e+11	-8.186774
1.42e+11	-8.192453
1.42e+11	-8.198130
1.42e+11	-8.203805
1.42e+11	-8.209477
1.42e+11	-8.215146
1.42e+11	-8.220814
1.42e+11	-8.226478
1.43e+11	-8.232140
1.43e+11	-8.237800
1.43e+11	-8.243458
1.43e+11	-8.249113
1.43e+11	-8.254765
1.43e+11	-8.260415
1.43e+11	-8.266063
1.43e+11	-8.271708
1.43e+11	-8.277351
1.44e+11	-8.282991
1.44e+11	-8.288629
1.44e+11	-8.294264
1.44e+11	-8.299897
1.44e+11	-8.305528
1.44e+11	-8.311156
1.44e+11	-8.316782
1.44e+11	-8.322405
1.44e+11	-8.328026
1.44e+11	-8.333645
1.44e+11	-8.339261
1.45e+11	-8.344875
1.45e+11	-8.350486
1.45e+11	-8.356095
1.45e+11	-8.361701
1.45e+11	-8.367305
1.45e+11	-8.372907
1.45e+11	-8.378506
1.45e+11	-8.384102
1.45e+11	-8.389697
1.46e+11	-8.395289
1.46e+11	-8.400878
1.46e+11	-8.406465
1.46e+11	-8.412050
1.46e+11	-8.417632
1.46e+11	-8.423212
1.46e+11	-8.428790
1.46e+11	-8.434365
1.46e+11	-8.439938
1.46e+11	-8.445508
1.46e+11	-8.451076
1.47e+11	-8.456641
1.47e+11	-8.462204
1.47e+11	-8.467765
1.47e+11	-8.473323
1.47e+11	-8.478879
1.47e+11	-8.484433
1.47e+11	-8.489984
1.47e+11	-8.495533
1.47e+11	-8.501079
1.48e+11	-8.506623
1.48e+11	-8.512164
1.48e+11	-8.517704
1.48e+11	-8.523240
1.48e+11	-8.528775
1.48e+11	-8.534307
1.48e+11	-8.539837
1.48e+11	-8.545364
1.48e+11	-8.550889
1.48e+11	-8.556411
1.48e+11	-8.561931
1.49e+11	-8.567449
1.49e+11	-8.572965
1.49e+11	-8.578478
1.49e+11	-8.583988
1.49e+11	-8.589497
1.49e+11	-8.595002
1.49e+11	-8.600506
1.49e+11	-8.606007
1.49e+11	-8.611506
1.50e+11	-8.617002
1.50e+11	-8.622497
1.50e+11	-8.627988
1.50e+11	-8.633478
1.50e+11	-8.638965
1.50e+11	-8.644449
1.50e+11	-8.649932
1.50e+11	-8.655411
1.50e+11	-8.660889
1.50e+11	-8.666364
1.50e+11	-8.671837
1.51e+11	-8.677308
1.51e+11	-8.682776
1.51e+11	-8.688242
1.51e+11	-8.693705
1.51e+11	-8.699166
1.51e+11	-8.704625
1.51e+11	-8.710081
1.51e+11	-8.715535
1.51e+11	-8.720987
1.52e+11	-8.726436
1.52e+11	-8.731884
1.52e+11	-8.737328
1.52e+11	-8.742771
1.52e+11	-8.748211
1.52e+11	-8.753648
1.52e+11	-8.759084
1.52e+11	-8.764517
1.52e+11	-8.769947
1.52e+11	-8.775376
1.52e+11	-8.780802
1.53e+11	-8.786226
1.53e+11	-8.791647
1.53e+11	-8.797066
1.53e+11	-8.802483
1.53e+11	-8.807897
1.53e+11	-8.813309
1.53e+11	-8.818719
1.53e+11	-8.824126
1.53e+11	-8.829532
1.54e+11	-8.834934
1.54e+11	-8.840335
1.54e+11	-8.845733
1.54e+11	-8.851129
1.54e+11	-8.856522
1.54e+11	-8.861914
1.54e+11	-8.867303
1.54e+11	-8.872689
1.54e+11	-8.878074
1.54e+11	-8.883456
1.54e+11	-8.888835
1.55e+11	-8.894213
1.55e+11	-8.899588
1.55e+11	-8.904960
1.55e+11	-8.910331
1.55e+11	-8.915699
1.55e+11	-8.921065
1.55e+11	-8.926429
1.55e+11	-8.931790
1.55e+11	-8.937149
1.56e+11	-8.942506
1.56e+11	-8.947860
1.56e+11	-8.953212
1.56e+11	-8.958562
1.56e+11	-8.963910
1.56e+11	-8.969255
1.56e+11	-8.974598
1.56e+11	-8.979938
1.56e+11	-8.985277
1.56e+11	-8.990613
1.56e+11	-8.995947
1.57e+11	-9.001278
1.57e+11	-9.006608
1.57e+11	-9.011935
1.57e+11	-9.017259
1.57e+11	-9.022582
1.57e+11	-9.027902
1.57e+11	-9.033220
1.57e+11	-9.038536
1.57e+11	-9.043849
1.58e+11	-9.049160
1.58e+11	-9.054469
1.58e+11	-9.059775
1.58e+11	-9.065080
1.58e+11	-9.070382
1.58e+11	-9.075681
1.58e+11	-9.080979
1.58e+11	-9.086274
1.58e+11	-9.091567
1.58e+11	-9.096858
1.58e+11	-9.102146
1.59e+11	-9.107433
1.59e+11	-9.112717
1.59e+11	-9.117998
1.59e+11	-9.123278
1.59e+11	-9.128555
1.59e+11	-9.133830
1.59e+11	-9.139103
1.59e+11	-9.144373
1.59e+11	-9.149641
1.60e+11	-9.154907
1.60e+11	-9.160171
1.60e+11	-9.165432
1.60e+11	-9.170692
1.60e+11	-9.175949
1.60e+11	-9.181203
1.60e+11	-9.186456
1.60e+11	-9.191706
1.60e+11	-9.196954
1.60e+11	-9.202200
1.60e+11	-9.207444
1.61e+11	-9.212685
1.61e+11	-9.217924
1.61e+11	-9.223161
1.61e+11	-9.228396
1.61e+11	-9.233628
1.61e+11	-9.238859
1.61e+11	-9.244087
1.61e+11	-9.249312
1.61e+11	-9.254536
1.62e+11	-9.259757
1.62e+11	-9.264976
1.62e+11	-9.270193
1.62e+11	-9.275408
1.62e+11	-9.280621
1.62e+11	-9.285831
1.62e+11	-9.291039
1.62e+11	-9.296245
1.62e+11	-9.301448
1.62e+11	-9.306650
1.62e+11	-9.311849
1.63e+11	-9.317046
1.63e+11	-9.322241
1.63e+11	-9.327434
1.63e+11	-9.332624
1.63e+11	-9.337812
1.63e+11	-9.342998
1.63e+11	-9.348182
1.63e+11	-9.353364
1.63e+11	-9.358543
1.64e+11	-9.363720
1.64e+11	-9.368895
1.64e+11	-9.374068
1.64e+11	-9.379239
1.64e+11	-9.384407
1.64e+11	-9.389574
1.64e+11	-9.394738
1.64e+11	-9.399900
1.64e+11	-9.405059
1.64e+11	-9.410217
1.64e+11	-9.415372
1.65e+11	-9.420525
1.65e+11	-9.425676
1.65e+11	-9.430825
1.65e+11	-9.435972
1.65e+11	-9.441116
1.65e+11	-9.446259
1.65e+11	-9.451399
1.65e+11	-9.456537
1.65e+11	-9.461673
1.66e+11	-9.466806
1.66e+11	-9.471938
1.66e+11	-9.477067
1.66e+11	-9.482194
1.66e+11	-9.487319
1.66e+11	-9.492442
1.66e+11	-9.497563
1.66e+11	-9.502681
1.66e+11	-9.507797
1.66e+11	-9.512911
1.66e+11	-9.518023
1.67e+11	-9.523133
1.67e+11	-9.528241
1.67e+11	-9.533347
1.67e+11	-9.538450
1.67e+11	-9.543551
1.67e+11	-9.548650
1.67e+11	-9.553747
1.67e+11	-9.558842
1.67e+11	-9.563935
1.68e+11	-9.569025
1.68e+11	-9.574114
1.68e+11	-9.579200
1.68e+11	-9.584284
1.68e+11	-9.589366
1.68e+11	-9.594446
1.68e+11	-9.599523
1.68e+11	-9.604599
1.68e+11	-9.609672
1.68e+11	-9.614744
1.68e+11	-9.619813
1.69e+11	-9.624880
1.69e+11	-9.629945
1.69e+11	-9.635008
1.69e+11	-9.640068
1.69e+11	-9.645127
1.69e+11	-9.650183
1.69e+11	-9.655237
1.69e+11	-9.660289
1.69e+11	-9.665340
1.70e+11	-9.670387
1.70e+11	-9.675433
1.70e+11	-9.680477
1.70e+11	-9.685518
1.70e+11	-9.690558
1.70e+11	-9.695595
1.70e+11	-9.700631
1.70e+11	-9.705664
1.70e+11	-9.710695
1.70e+11	-9.715724
1.70e+11	-9.720750
1.71e+11	-9.725775
1.71e+11	-9.730798
1.71e+11	-9.735818
1.71e+11	-9.740837
1.71e+11	-9.745853
1.71e+11	-9.750867
1.71e+11	-9.755879
1.71e+11	-9.760889
1.71e+11	-9.765897
1.72e+11	-9.770903
1.72e+11	-9.775907
1.72e+11	-9.780908
1.72e+11	-9.785908
1.72e+11	-9.790905
1.72e+11	-9.795901
1.72e+11	-9.800894
1.72e+11	-9.805885
1.72e+11	-9.810874
1.72e+11	-9.815861
1.72e+11	-9.820846
1.73e+11	-9.825829
1.73e+11	-9.830810
1.73e+11	-9.835789
1.73e+11	-9.840765
1.73e+11	-9.845740
1.73e+11	-9.850713
1.73e+11	-9.855683
1.73e+11	-9.860651
1.73e+11	-9.865618
1.74e+11	-9.870582
1.74e+11	-9.875544
1.74e+11	-9.880504
1.74e+11	-9.885462
1.74e+11	-9.890418
1.74e+11	-9.895372
1.74e+11	-9.900324
1.74e+11	-9.905274
1.74e+11	-9.910222
1.74e+11	-9.915167
1.74e+11	-9.920111
1.75e+11	-9.925052
1.75e+11	-9.929992
1.75e+11	-9.934929
1.75e+11	-9.939865
1.75e+11	-9.944798
1.75e+11	-9.949730
1.75e+11	-9.954659
1.75e+11	-9.959586
1.75e+11	-9.964511
1.76e+11	-9.969435
1.76e+11	-9.974356
1.76e+11	-9.979275
1.76e+11	-9.984192
1.76e+11	-9.989107
1.76e+11	-9.994020
1.76e+11	-9.998931
1.76e+11	-10.003840
1.76e+11	-10.008746
1.76e+11	-10.013651
1.76e+11	-10.018554
1.77e+11	-10.023455
1.77e+11	-10.028354
1.77e+11	-10.033250
1.77e+11	-10.038145
1.77e+11	-10.043038
1.77e+11	-10.047928
1.77e+11	-10.052817
1.77e+11	-10.057704
1.77e+11	-10.062588
1.78e+11	-10.067471
1.78e+11	-10.072351
1.78e+11	-10.077230
1.78e+11	-10.082106
1.78e+11	-10.086981
1.78e+11	-10.091853
1.78e+11	-10.096724
1.78e+11	-10.101592
1.78e+11	-10.106459
1.78e+11	-10.111323
1.78e+11	-10.116186
1.79e+11	-10.121046
1.79e+11	-10.125905
1.79e+11	-10.130761
1.79e+11	-10.135616
1.79e+11	-10.140468
1.79e+11	-10.145319
1.79e+11	-10.150167
1.79e+11	-10.155014
1.79e+11	-10.159858
1.80e+11	-10.164701
1.80e+11	-10.169541
1.80e+11	-10.174380
1.80e+11	-10.179216
1.80e+11	-10.184051
1.80e+11	-10.188883
1.80e+11	-10.193714
1.80e+11	-10.198542
1.80e+11	-10.203369
1.80e+11	-10.208194
1.80e+11	-10.213016
1.81e+11	-10.217837
1.81e+11	-10.222656
1.81e+11	-10.227472
1.81e+11	-10.232287
1.81e+11	-10.237100
1.81e+11	-10.241911
1.81e+11	-10.246720
1.81e+11	-10.251526
1.81e+11	-10.256331
1.82e+11	-10.261134
1.82e+11	-10.265935
1.82e+11	-10.270734
1.82e+11	-10.275531
1.82e+11	-10.280326
1.82e+11	-10.285119
1.82e+11	-10.289911
1.82e+11	-10.294700
1.82e+11	-10.299487
1.82e+11	-10.304272
1.82e+11	-10.309056
1.83e+11	-10.313837
1.83e+11	-10.318616
1.83e+11	-10.323394
1.83e+11	-10.328169
1.83e+11	-10.332943
1.83e+11	-10.337714
1.83e+11	-10.342484
1.83e+11	-10.347252
1.83e+11	-10.352018
1.84e+11	-10.356781
1.84e+11	-10.361543
1.84e+11	-10.366303
1.84e+11	-10.371061
1.84e+11	-10.375817
1.84e+11	-10.380571
1.84e+11	-10.385324
1.84e+11	-10.390074
1.84e+11	-10.394822
1.84e+11	-10.399569
1.84e+11	-10.404313
1.85e+11	-10.409056
1.85e+11	-10.413796
1.85e+11	-10.418535
1.85e+11	-10.423272
1.85e+11	-10.428007
1.85e+11	-10.432740
1.85e+11	-10.437471
1.85e+11	-10.442200
1.85e+11	-10.446927
1.86e+11	-10.451652
1.86e+11	-10.456375
1.86e+11	-10.461097
1.86e+11	-10.465816
1.86e+11	-10.470534
1.86e+11	-10.475249
1.86e+11	-10.479963
1.86e+11	-10.484675
1.86e+11	-10.489385
1.86e+11	-10.494093
1.86e+11	-10.498799
1.87e+11	-10.503503
1.87e+11	-10.508206
1.87e+11	-10.512906
1.87e+11	-10.517605
1.87e+11	-10.522301
1.87e+11	-10.526996
1.87e+11	-10.531689
1.87e+11	-10.536380
1.87e+11	-10.541069
1.88e+11	-10.545756
1.88e+11	-10.550441
1.88e+11	-10.555124
1.88e+11	-10.559806
1.88e+11	-10.564485
1.88e+11	-10.569163
1.88e+11	-10.573839
1.88e+11	-10.578513
1.88e+11	-10.583185
1.88e+11	-10.587855
1.88e+11	-10.592523
1.89e+11	-10.597190
1.89e+11	-10.601854
1.89e+11	-10.606517
1.89e+11	-10.611177
1.89e+11	-10.615836
1.89e+11	-10.620493
1.89e+11	-10.625148
1.89e+11	-10.629802
1.89e+11	-10.634453
1.90e+11	-10.639102
1.90e+11	-10.643750
1.90e+11	-10.648396
1.90e+11	-10.653040
1.90e+11	-10.657682
1.90e+11	-10.662322
1.90e+11	-10.666960
1.90e+11	-10.671597
1.90e+11	-10.676231
1.90e+11	-10.680864
1.90e+11	-10.685495
1.91e+11	-10.690124
1.91e+11	-10.694751
1.91e+11	-10.699376
1.91e+11	-10.704000
1.91e+11	-10.708621
1.91e+11	-10.713241
1.91e+11	-10.717859
1.91e+11	-10.722475
1.91e+11	-10.727089
1.92e+11	-10.731702
1.92e+11	-10.736312
1.92e+11	-10.740921
1.92e+11	-10.745528
1.92e+11	-10.750133
1.92e+11	-10.754736
1.92e+11	-10.759337
1.92e+11	-10.763937
1.92e+11	-10.768534
1.92e+11	-10.773130
1.92e+11	-10.777724
1.93e+11	-10.782316
1.93e+11	-10.786906
1.93e+11	-10.791495
1.93e+11	-10.796081
1.93e+11	-10.800666
1.93e+11	-10.805249
1.93e+11	-10.809830
1.93e+11	-10.814410
1.93e+11	-10.818987
1.94e+11	-10.823563
1.94e+11	-10.828137
1.94e+11	-10.832709
1.94e+11	-10.837279
1.94e+11	-10.841847
1.94e+11	-10.846414
1.94e+11	-10.850979
1.94e+11	-10.855542
1.94e+11	-10.860103
1.94e+11	-10.864662
1.94e+11	-10.869220
1.95e+11	-10.873775
1.95e+11	-10.878329
1.95e+11	-10.882881
1.95e+11	-10.887432
1.95e+11	-10.891980
1.95e+11	-10.896527
1.95e+11	-10.901072
1.95e+11	-10.905615
1.95e+11	-10.910156
1.96e+11	-10.914695
1.96e+11	-10.919233
1.96e+11	-10.923769
1.96e+11	-10.928303
1.96e+11	-10.932835
1.96e+11	-10.937366
1.96e+11	-10.941894
1.96e+11	-10.946421
1.96e+11	-10.950946
1.96e+11	-10.955470
1.96e+11	-10.959991
1.97e+11	-10.964511
1.97e+11	-10.969029
1.97e+11	-10.973545
1.97e+11	-10.978060
1.97e+11	-10.982572
1.97e+11	-10.987083
1.97e+11	-10.991592
1.97e+11	-10.996099
1.97e+11	-11.000605
1.98e+11	-11.005109
1.98e+11	-11.009611
1.98e+11	-11.014111
1.98e+11	-11.018609
1.98e+11	-11.023106
1.98e+11	-11.027601
1.98e+11	-11.032094
1.98e+11	-11.036585
1.98e+11	-11.041075
1.98e+11	-11.045562
1.98e+11	-11.050048
1.99e+11	-11.054533
1.99e+11	-11.059015
1.99e+11	-11.063496
1.99e+11	-11.067975
1.99e+11	-11.072452
1.99e+11	-11.076928
1.99e+11	-11.081401
1.99e+11	-11.085873
1.99e+11	-11.090343
2.00e+11	-11.094812
2.00e+11	-11.099279
2.00e+11	-11.103743
2.00e+11	-11.108207
2.00e+11	-11.112668
