# Frequency (Hz)	EO Bandwidth (dB)
1.00e+08	-0.000007
2.00e+08	-0.000027
3.00e+08	-0.000060
4.00e+08	-0.000107
5.00e+08	-0.000166
6.00e+08	-0.000240
7.00e+08	-0.000326
8.00e+08	-0.000426
9.00e+08	-0.000539
1.00e+09	-0.000666
1.10e+09	-0.000805
1.20e+09	-0.000959
1.30e+09	-0.001125
1.40e+09	-0.001305
1.50e+09	-0.001498
1.60e+09	-0.001704
1.70e+09	-0.001924
1.80e+09	-0.002156
1.90e+09	-0.002403
2.00e+09	-0.002662
2.10e+09	-0.002935
2.20e+09	-0.003221
2.30e+09	-0.003520
2.40e+09	-0.003833
2.50e+09	-0.004159
2.60e+09	-0.004498
2.70e+09	-0.004851
2.80e+09	-0.005216
2.90e+09	-0.005596
3.00e+09	-0.005988
3.10e+09	-0.006393
3.20e+09	-0.006812
3.30e+09	-0.007244
3.40e+09	-0.007690
3.50e+09	-0.008148
3.60e+09	-0.008620
3.70e+09	-0.009105
3.80e+09	-0.009604
3.90e+09	-0.010115
4.00e+09	-0.010640
4.10e+09	-0.011178
4.20e+09	-0.011729
4.30e+09	-0.012294
4.40e+09	-0.012872
4.50e+09	-0.013463
4.60e+09	-0.014067
4.70e+09	-0.014684
4.80e+09	-0.015315
4.90e+09	-0.015958
5.00e+09	-0.016615
5.10e+09	-0.017285
5.20e+09	-0.017969
5.30e+09	-0.018665
5.40e+09	-0.019375
5.50e+09	-0.020097
5.60e+09	-0.020833
5.70e+09	-0.021582
5.80e+09	-0.022345
5.90e+09	-0.023120
6.00e+09	-0.023908
6.10e+09	-0.024710
6.20e+09	-0.025525
6.30e+09	-0.026353
6.40e+09	-0.027193
6.50e+09	-0.028048
6.60e+09	-0.028915
6.70e+09	-0.029795
6.80e+09	-0.030688
6.90e+09	-0.031595
7.00e+09	-0.032514
7.10e+09	-0.033446
7.20e+09	-0.034392
7.30e+09	-0.035351
7.40e+09	-0.036322
7.50e+09	-0.037307
7.60e+09	-0.038304
7.70e+09	-0.039315
7.80e+09	-0.040339
7.90e+09	-0.041375
8.00e+09	-0.042425
8.10e+09	-0.043488
8.20e+09	-0.044563
8.30e+09	-0.045652
8.40e+09	-0.046753
8.50e+09	-0.047868
8.60e+09	-0.048995
8.70e+09	-0.050136
8.80e+09	-0.051289
8.90e+09	-0.052455
9.00e+09	-0.053634
9.10e+09	-0.054826
9.20e+09	-0.056031
9.30e+09	-0.057248
9.40e+09	-0.058479
9.50e+09	-0.059722
9.60e+09	-0.060979
9.70e+09	-0.062248
9.80e+09	-0.063530
9.90e+09	-0.064824
1.00e+10	-0.066132
1.01e+10	-0.067452
1.02e+10	-0.068785
1.03e+10	-0.070131
1.04e+10	-0.071490
1.05e+10	-0.072861
1.06e+10	-0.074245
1.07e+10	-0.075642
1.08e+10	-0.077052
1.09e+10	-0.078474
1.10e+10	-0.079909
1.11e+10	-0.081357
1.12e+10	-0.082817
1.13e+10	-0.084290
1.14e+10	-0.085776
1.15e+10	-0.087274
1.16e+10	-0.088785
1.17e+10	-0.090309
1.18e+10	-0.091845
1.19e+10	-0.093394
1.20e+10	-0.094955
1.21e+10	-0.096529
1.22e+10	-0.098116
1.23e+10	-0.099715
1.24e+10	-0.101326
1.25e+10	-0.102950
1.26e+10	-0.104587
1.27e+10	-0.106236
1.28e+10	-0.107898
1.29e+10	-0.109572
1.30e+10	-0.111258
1.31e+10	-0.112957
1.32e+10	-0.114669
1.33e+10	-0.116392
1.34e+10	-0.118129
1.35e+10	-0.119877
1.36e+10	-0.121638
1.37e+10	-0.123412
1.38e+10	-0.125198
1.39e+10	-0.126996
1.40e+10	-0.128806
1.41e+10	-0.130629
1.42e+10	-0.132464
1.43e+10	-0.134311
1.44e+10	-0.136171
1.45e+10	-0.138043
1.46e+10	-0.139927
1.47e+10	-0.141823
1.48e+10	-0.143732
1.49e+10	-0.145652
1.50e+10	-0.147585
1.51e+10	-0.149531
1.52e+10	-0.151488
1.53e+10	-0.153457
1.54e+10	-0.155439
1.55e+10	-0.157433
1.56e+10	-0.159438
1.57e+10	-0.161456
1.58e+10	-0.163486
1.59e+10	-0.165528
1.60e+10	-0.167582
1.61e+10	-0.169648
1.62e+10	-0.171726
1.63e+10	-0.173816
1.64e+10	-0.175918
1.65e+10	-0.178033
1.66e+10	-0.180158
1.67e+10	-0.182296
1.68e+10	-0.184446
1.69e+10	-0.186608
1.70e+10	-0.188782
1.71e+10	-0.190967
1.72e+10	-0.193164
1.73e+10	-0.195374
1.74e+10	-0.197595
1.75e+10	-0.199827
1.76e+10	-0.202072
1.77e+10	-0.204328
1.78e+10	-0.206597
1.79e+10	-0.208876
1.80e+10	-0.211168
1.81e+10	-0.213471
1.82e+10	-0.215786
1.83e+10	-0.218113
1.84e+10	-0.220451
1.85e+10	-0.222801
1.86e+10	-0.225163
1.87e+10	-0.227536
1.88e+10	-0.229921
1.89e+10	-0.232317
1.90e+10	-0.234725
1.91e+10	-0.237145
1.92e+10	-0.239576
1.93e+10	-0.242018
1.94e+10	-0.244472
1.95e+10	-0.246937
1.96e+10	-0.249414
1.97e+10	-0.251903
1.98e+10	-0.254402
1.99e+10	-0.256914
2.00e+10	-0.259436
2.01e+10	-0.261970
2.02e+10	-0.264515
2.03e+10	-0.267072
2.04e+10	-0.269640
2.05e+10	-0.272219
2.06e+10	-0.274809
2.07e+10	-0.277411
2.08e+10	-0.280024
2.09e+10	-0.282648
2.10e+10	-0.285283
2.11e+10	-0.287930
2.12e+10	-0.290587
2.13e+10	-0.293256
2.14e+10	-0.295936
2.15e+10	-0.298627
2.16e+10	-0.301329
2.17e+10	-0.304043
2.18e+10	-0.306767
2.19e+10	-0.309502
2.20e+10	-0.312248
2.21e+10	-0.315006
2.22e+10	-0.317774
2.23e+10	-0.320553
2.24e+10	-0.323343
2.25e+10	-0.326144
2.26e+10	-0.328956
2.27e+10	-0.331779
2.28e+10	-0.334613
2.29e+10	-0.337458
2.30e+10	-0.340313
2.31e+10	-0.343179
2.32e+10	-0.346056
2.33e+10	-0.348944
2.34e+10	-0.351842
2.35e+10	-0.354751
2.36e+10	-0.357671
2.37e+10	-0.360602
2.38e+10	-0.363543
2.39e+10	-0.366495
2.40e+10	-0.369458
2.41e+10	-0.372431
2.42e+10	-0.375414
2.43e+10	-0.378409
2.44e+10	-0.381413
2.45e+10	-0.384429
2.46e+10	-0.387455
2.47e+10	-0.390491
2.48e+10	-0.393538
2.49e+10	-0.396595
2.50e+10	-0.399663
2.51e+10	-0.402741
2.52e+10	-0.405829
2.53e+10	-0.408928
2.54e+10	-0.412037
2.55e+10	-0.415156
2.56e+10	-0.418286
2.57e+10	-0.421426
2.58e+10	-0.424577
2.59e+10	-0.427737
2.60e+10	-0.430908
2.61e+10	-0.434089
2.62e+10	-0.437280
2.63e+10	-0.440481
2.64e+10	-0.443693
2.65e+10	-0.446914
2.66e+10	-0.450146
2.67e+10	-0.453388
2.68e+10	-0.456639
2.69e+10	-0.459901
2.70e+10	-0.463173
2.71e+10	-0.466455
2.72e+10	-0.469746
2.73e+10	-0.473048
2.74e+10	-0.476360
2.75e+10	-0.479681
2.76e+10	-0.483013
2.77e+10	-0.486354
2.78e+10	-0.489705
2.79e+10	-0.493066
2.80e+10	-0.496437
2.81e+10	-0.499817
2.82e+10	-0.503208
2.83e+10	-0.506608
2.84e+10	-0.510017
2.85e+10	-0.513437
2.86e+10	-0.516866
2.87e+10	-0.520304
2.88e+10	-0.523753
2.89e+10	-0.527211
2.90e+10	-0.530678
2.91e+10	-0.534155
2.92e+10	-0.537642
2.93e+10	-0.541138
2.94e+10	-0.544644
2.95e+10	-0.548159
2.96e+10	-0.551684
2.97e+10	-0.555218
2.98e+10	-0.558761
2.99e+10	-0.562314
3.00e+10	-0.565876
3.01e+10	-0.569448
3.02e+10	-0.573028
3.03e+10	-0.576619
3.04e+10	-0.580218
3.05e+10	-0.583827
3.06e+10	-0.587445
3.07e+10	-0.591072
3.08e+10	-0.594708
3.09e+10	-0.598354
3.10e+10	-0.602008
3.11e+10	-0.605672
3.12e+10	-0.609345
3.13e+10	-0.613027
3.14e+10	-0.616718
3.15e+10	-0.620418
3.16e+10	-0.624127
3.17e+10	-0.627845
3.18e+10	-0.631572
3.19e+10	-0.635308
3.20e+10	-0.639053
3.21e+10	-0.642807
3.22e+10	-0.646570
3.23e+10	-0.650341
3.24e+10	-0.654122
3.25e+10	-0.657911
3.26e+10	-0.661709
3.27e+10	-0.665516
3.28e+10	-0.669331
3.29e+10	-0.673155
3.30e+10	-0.676988
3.31e+10	-0.680830
3.32e+10	-0.684680
3.33e+10	-0.688539
3.34e+10	-0.692407
3.35e+10	-0.696283
3.36e+10	-0.700168
3.37e+10	-0.704061
3.38e+10	-0.707963
3.39e+10	-0.711873
3.40e+10	-0.715792
3.41e+10	-0.719719
3.42e+10	-0.723655
3.43e+10	-0.727599
3.44e+10	-0.731552
3.45e+10	-0.735512
3.46e+10	-0.739482
3.47e+10	-0.743459
3.48e+10	-0.747445
3.49e+10	-0.751439
3.50e+10	-0.755442
3.51e+10	-0.759452
3.52e+10	-0.763471
3.53e+10	-0.767498
3.54e+10	-0.771533
3.55e+10	-0.775577
3.56e+10	-0.779628
3.57e+10	-0.783688
3.58e+10	-0.787755
3.59e+10	-0.791831
3.60e+10	-0.795915
3.61e+10	-0.800007
3.62e+10	-0.804106
3.63e+10	-0.808214
3.64e+10	-0.812330
3.65e+10	-0.816453
3.66e+10	-0.820585
3.67e+10	-0.824724
3.68e+10	-0.828872
3.69e+10	-0.833027
3.70e+10	-0.837190
3.71e+10	-0.841360
3.72e+10	-0.845539
3.73e+10	-0.849725
3.74e+10	-0.853919
3.75e+10	-0.858120
3.76e+10	-0.862330
3.77e+10	-0.866547
3.78e+10	-0.870771
3.79e+10	-0.875003
3.80e+10	-0.879243
3.81e+10	-0.883490
3.82e+10	-0.887745
3.83e+10	-0.892008
3.84e+10	-0.896278
3.85e+10	-0.900555
3.86e+10	-0.904840
3.87e+10	-0.909132
3.88e+10	-0.913432
3.89e+10	-0.917739
3.90e+10	-0.922053
3.91e+10	-0.926375
3.92e+10	-0.930704
3.93e+10	-0.935040
3.94e+10	-0.939384
3.95e+10	-0.943735
3.96e+10	-0.948093
3.97e+10	-0.952458
3.98e+10	-0.956831
3.99e+10	-0.961211
4.00e+10	-0.965598
4.01e+10	-0.969992
4.02e+10	-0.974393
4.03e+10	-0.978801
4.04e+10	-0.983216
4.05e+10	-0.987638
4.06e+10	-0.992067
4.07e+10	-0.996504
4.08e+10	-1.000947
4.09e+10	-1.005397
4.10e+10	-1.009854
4.11e+10	-1.014318
4.12e+10	-1.018789
4.13e+10	-1.023267
4.14e+10	-1.027751
4.15e+10	-1.032242
4.16e+10	-1.036741
4.17e+10	-1.041246
4.18e+10	-1.045757
4.19e+10	-1.050276
4.20e+10	-1.054801
4.21e+10	-1.059332
4.22e+10	-1.063871
4.23e+10	-1.068416
4.24e+10	-1.072967
4.25e+10	-1.077526
4.26e+10	-1.082091
4.27e+10	-1.086662
4.28e+10	-1.091240
4.29e+10	-1.095824
4.30e+10	-1.100415
4.31e+10	-1.105013
4.32e+10	-1.109616
4.33e+10	-1.114227
4.34e+10	-1.118843
4.35e+10	-1.123466
4.36e+10	-1.128096
4.37e+10	-1.132731
4.38e+10	-1.137373
4.39e+10	-1.142022
4.40e+10	-1.146676
4.41e+10	-1.151337
4.42e+10	-1.156004
4.43e+10	-1.160677
4.44e+10	-1.165357
4.45e+10	-1.170042
4.46e+10	-1.174734
4.47e+10	-1.179432
4.48e+10	-1.184136
4.49e+10	-1.188846
4.50e+10	-1.193562
4.51e+10	-1.198284
4.52e+10	-1.203012
4.53e+10	-1.207746
4.54e+10	-1.212486
4.55e+10	-1.217232
4.56e+10	-1.221984
4.57e+10	-1.226742
4.58e+10	-1.231506
4.59e+10	-1.236275
4.60e+10	-1.241051
4.61e+10	-1.245832
4.62e+10	-1.250619
4.63e+10	-1.255412
4.64e+10	-1.260210
4.65e+10	-1.265015
4.66e+10	-1.269825
4.67e+10	-1.274640
4.68e+10	-1.279462
4.69e+10	-1.284289
4.70e+10	-1.289122
4.71e+10	-1.293960
4.72e+10	-1.298804
4.73e+10	-1.303653
4.74e+10	-1.308508
4.75e+10	-1.313369
4.76e+10	-1.318235
4.77e+10	-1.323107
4.78e+10	-1.327984
4.79e+10	-1.332866
4.80e+10	-1.337754
4.81e+10	-1.342647
4.82e+10	-1.347546
4.83e+10	-1.352450
4.84e+10	-1.357359
4.85e+10	-1.362274
4.86e+10	-1.367194
4.87e+10	-1.372119
4.88e+10	-1.377050
4.89e+10	-1.381986
4.90e+10	-1.386927
4.91e+10	-1.391873
4.92e+10	-1.396824
4.93e+10	-1.401781
4.94e+10	-1.406743
4.95e+10	-1.411709
4.96e+10	-1.416681
4.97e+10	-1.421658
4.98e+10	-1.426640
4.99e+10	-1.431627
5.00e+10	-1.436620
5.01e+10	-1.441617
5.02e+10	-1.446619
5.03e+10	-1.451626
5.04e+10	-1.456638
5.05e+10	-1.461655
5.06e+10	-1.466677
5.07e+10	-1.471703
5.08e+10	-1.476735
5.09e+10	-1.481771
5.10e+10	-1.486813
5.11e+10	-1.491859
5.12e+10	-1.496909
5.13e+10	-1.501965
5.14e+10	-1.507025
5.15e+10	-1.512090
5.16e+10	-1.517160
5.17e+10	-1.522235
5.18e+10	-1.527314
5.19e+10	-1.532397
5.20e+10	-1.537486
5.21e+10	-1.542579
5.22e+10	-1.547676
5.23e+10	-1.552778
5.24e+10	-1.557885
5.25e+10	-1.562996
5.26e+10	-1.568112
5.27e+10	-1.573232
5.28e+10	-1.578357
5.29e+10	-1.583486
5.30e+10	-1.588620
5.31e+10	-1.593758
5.32e+10	-1.598900
5.33e+10	-1.604047
5.34e+10	-1.609198
5.35e+10	-1.614353
5.36e+10	-1.619513
5.37e+10	-1.624677
5.38e+10	-1.629845
5.39e+10	-1.635018
5.40e+10	-1.640195
5.41e+10	-1.645376
5.42e+10	-1.650561
5.43e+10	-1.655751
5.44e+10	-1.660944
5.45e+10	-1.666142
5.46e+10	-1.671344
5.47e+10	-1.676550
5.48e+10	-1.681760
5.49e+10	-1.686975
5.50e+10	-1.692193
5.51e+10	-1.697415
5.52e+10	-1.702642
5.53e+10	-1.707872
5.54e+10	-1.713106
5.55e+10	-1.718345
5.56e+10	-1.723587
5.57e+10	-1.728833
5.58e+10	-1.734083
5.59e+10	-1.739337
5.60e+10	-1.744595
5.61e+10	-1.749857
5.62e+10	-1.755123
5.63e+10	-1.760392
5.64e+10	-1.765665
5.65e+10	-1.770942
5.66e+10	-1.776223
5.67e+10	-1.781507
5.68e+10	-1.786796
5.69e+10	-1.792088
5.70e+10	-1.797383
5.71e+10	-1.802683
5.72e+10	-1.807986
5.73e+10	-1.813292
5.74e+10	-1.818603
5.75e+10	-1.823917
5.76e+10	-1.829234
5.77e+10	-1.834555
5.78e+10	-1.839880
5.79e+10	-1.845208
5.80e+10	-1.850540
5.81e+10	-1.855875
5.82e+10	-1.861214
5.83e+10	-1.866556
5.84e+10	-1.871901
5.85e+10	-1.877250
5.86e+10	-1.882603
5.87e+10	-1.887959
5.88e+10	-1.893318
5.89e+10	-1.898681
5.90e+10	-1.904047
5.91e+10	-1.909416
5.92e+10	-1.914789
5.93e+10	-1.920165
5.94e+10	-1.925544
5.95e+10	-1.930926
5.96e+10	-1.936312
5.97e+10	-1.941701
5.98e+10	-1.947093
5.99e+10	-1.952489
6.00e+10	-1.957887
6.01e+10	-1.963289
6.02e+10	-1.968694
6.03e+10	-1.974102
6.04e+10	-1.979513
6.05e+10	-1.984927
6.06e+10	-1.990345
6.07e+10	-1.995765
6.08e+10	-2.001188
6.09e+10	-2.006615
6.10e+10	-2.012045
6.11e+10	-2.017477
6.12e+10	-2.022913
6.13e+10	-2.028351
6.14e+10	-2.033792
6.15e+10	-2.039237
6.16e+10	-2.044684
6.17e+10	-2.050134
6.18e+10	-2.055588
6.19e+10	-2.061043
6.20e+10	-2.066502
6.21e+10	-2.071964
6.22e+10	-2.077429
6.23e+10	-2.082896
6.24e+10	-2.088366
6.25e+10	-2.093839
6.26e+10	-2.099315
6.27e+10	-2.104793
6.28e+10	-2.110274
6.29e+10	-2.115758
6.30e+10	-2.121245
6.31e+10	-2.126734
6.32e+10	-2.132226
6.33e+10	-2.137720
6.34e+10	-2.143218
6.35e+10	-2.148717
6.36e+10	-2.154220
6.37e+10	-2.159725
6.38e+10	-2.165233
6.39e+10	-2.170743
6.40e+10	-2.176256
6.41e+10	-2.181771
6.42e+10	-2.187289
6.43e+10	-2.192809
6.44e+10	-2.198332
6.45e+10	-2.203857
6.46e+10	-2.209385
6.47e+10	-2.214915
6.48e+10	-2.220448
6.49e+10	-2.225983
6.50e+10	-2.231520
6.51e+10	-2.237060
6.52e+10	-2.242602
6.53e+10	-2.248147
6.54e+10	-2.253694
6.55e+10	-2.259243
6.56e+10	-2.264794
6.57e+10	-2.270348
6.58e+10	-2.275904
6.59e+10	-2.281463
6.60e+10	-2.287023
6.61e+10	-2.292586
6.62e+10	-2.298151
6.63e+10	-2.303719
6.64e+10	-2.309288
6.65e+10	-2.314860
6.66e+10	-2.320434
6.67e+10	-2.326010
6.68e+10	-2.331588
6.69e+10	-2.337168
6.70e+10	-2.342750
6.71e+10	-2.348335
6.72e+10	-2.353921
6.73e+10	-2.359510
6.74e+10	-2.365101
6.75e+10	-2.370694
6.76e+10	-2.376288
6.77e+10	-2.381885
6.78e+10	-2.387484
6.79e+10	-2.393085
6.80e+10	-2.398687
6.81e+10	-2.404292
6.82e+10	-2.409899
6.83e+10	-2.415507
6.84e+10	-2.421118
6.85e+10	-2.426730
6.86e+10	-2.432345
6.87e+10	-2.437961
6.88e+10	-2.443579
6.89e+10	-2.449199
6.90e+10	-2.454821
6.91e+10	-2.460444
6.92e+10	-2.466070
6.93e+10	-2.471697
6.94e+10	-2.477326
6.95e+10	-2.482957
6.96e+10	-2.488589
6.97e+10	-2.494223
6.98e+10	-2.499859
6.99e+10	-2.505497
7.00e+10	-2.511136
7.01e+10	-2.516778
7.02e+10	-2.522420
7.03e+10	-2.528065
7.04e+10	-2.533711
7.05e+10	-2.539359
7.06e+10	-2.545008
7.07e+10	-2.550659
7.08e+10	-2.556312
7.09e+10	-2.561966
7.10e+10	-2.567622
7.11e+10	-2.573279
7.12e+10	-2.578938
7.13e+10	-2.584598
7.14e+10	-2.590260
7.15e+10	-2.595924
7.16e+10	-2.601589
7.17e+10	-2.607255
7.18e+10	-2.612923
7.19e+10	-2.618593
7.20e+10	-2.624264
7.21e+10	-2.629936
7.22e+10	-2.635610
7.23e+10	-2.641285
7.24e+10	-2.646962
7.25e+10	-2.652640
7.26e+10	-2.658319
7.27e+10	-2.664000
7.28e+10	-2.669682
7.29e+10	-2.675365
7.30e+10	-2.681050
7.31e+10	-2.686736
7.32e+10	-2.692424
7.33e+10	-2.698113
7.34e+10	-2.703803
7.35e+10	-2.709494
7.36e+10	-2.715186
7.37e+10	-2.720880
7.38e+10	-2.726575
7.39e+10	-2.732272
7.40e+10	-2.737969
7.41e+10	-2.743668
7.42e+10	-2.749368
7.43e+10	-2.755069
7.44e+10	-2.760771
7.45e+10	-2.766475
7.46e+10	-2.772179
7.47e+10	-2.777885
7.48e+10	-2.783592
7.49e+10	-2.789300
7.50e+10	-2.795009
7.51e+10	-2.800719
7.52e+10	-2.806430
7.53e+10	-2.812142
7.54e+10	-2.817856
7.55e+10	-2.823570
7.56e+10	-2.829286
7.57e+10	-2.835002
7.58e+10	-2.840720
7.59e+10	-2.846438
7.60e+10	-2.852158
7.61e+10	-2.857878
7.62e+10	-2.863599
7.63e+10	-2.869322
7.64e+10	-2.875045
7.65e+10	-2.880769
7.66e+10	-2.886495
7.67e+10	-2.892221
7.68e+10	-2.897948
7.69e+10	-2.903676
7.70e+10	-2.909405
7.71e+10	-2.915134
7.72e+10	-2.920865
7.73e+10	-2.926596
7.74e+10	-2.932329
7.75e+10	-2.938062
7.76e+10	-2.943796
7.77e+10	-2.949530
7.78e+10	-2.955266
7.79e+10	-2.961002
7.80e+10	-2.966739
7.81e+10	-2.972477
7.82e+10	-2.978216
7.83e+10	-2.983955
7.84e+10	-2.989695
7.85e+10	-2.995436
7.86e+10	-3.001178
7.87e+10	-3.006920
7.88e+10	-3.012663
7.89e+10	-3.018407
7.90e+10	-3.024151
7.91e+10	-3.029896
7.92e+10	-3.035642
7.93e+10	-3.041388
7.94e+10	-3.047136
7.95e+10	-3.052883
7.96e+10	-3.058631
7.97e+10	-3.064380
7.98e+10	-3.070130
7.99e+10	-3.075880
8.00e+10	-3.081630
8.01e+10	-3.087382
8.02e+10	-3.093134
8.03e+10	-3.098886
8.04e+10	-3.104639
8.05e+10	-3.110392
8.06e+10	-3.116146
8.07e+10	-3.121901
8.08e+10	-3.127656
8.09e+10	-3.133411
8.10e+10	-3.139167
8.11e+10	-3.144924
8.12e+10	-3.150680
8.13e+10	-3.156438
8.14e+10	-3.162196
8.15e+10	-3.167954
8.16e+10	-3.173713
8.17e+10	-3.179472
8.18e+10	-3.185231
8.19e+10	-3.190991
8.20e+10	-3.196752
8.21e+10	-3.202512
8.22e+10	-3.208273
8.23e+10	-3.214035
8.24e+10	-3.219797
8.25e+10	-3.225559
8.26e+10	-3.231322
8.27e+10	-3.237084
8.28e+10	-3.242848
8.29e+10	-3.248611
8.30e+10	-3.254375
8.31e+10	-3.260139
8.32e+10	-3.265904
8.33e+10	-3.271668
8.34e+10	-3.277433
8.35e+10	-3.283199
8.36e+10	-3.288964
8.37e+10	-3.294730
8.38e+10	-3.300496
8.39e+10	-3.306262
8.40e+10	-3.312028
8.41e+10	-3.317795
8.42e+10	-3.323562
8.43e+10	-3.329329
8.44e+10	-3.335096
8.45e+10	-3.340864
8.46e+10	-3.346631
8.47e+10	-3.352399
8.48e+10	-3.358167
8.49e+10	-3.363935
8.50e+10	-3.369703
8.51e+10	-3.375472
8.52e+10	-3.381240
8.53e+10	-3.387009
8.54e+10	-3.392777
8.55e+10	-3.398546
8.56e+10	-3.404315
8.57e+10	-3.410084
8.58e+10	-3.415853
8.59e+10	-3.421622
8.60e+10	-3.427391
8.61e+10	-3.433161
8.62e+10	-3.438930
8.63e+10	-3.444699
8.64e+10	-3.450468
8.65e+10	-3.456238
8.66e+10	-3.462007
8.67e+10	-3.467777
8.68e+10	-3.473546
8.69e+10	-3.479315
8.70e+10	-3.485085
8.71e+10	-3.490854
8.72e+10	-3.496623
8.73e+10	-3.502392
8.74e+10	-3.508162
8.75e+10	-3.513931
8.76e+10	-3.519700
8.77e+10	-3.525469
8.78e+10	-3.531238
8.79e+10	-3.537007
8.80e+10	-3.542775
8.81e+10	-3.548544
8.82e+10	-3.554312
8.83e+10	-3.560081
8.84e+10	-3.565849
8.85e+10	-3.571617
8.86e+10	-3.577385
8.87e+10	-3.583153
8.88e+10	-3.588921
8.89e+10	-3.594689
8.90e+10	-3.600456
8.91e+10	-3.606223
8.92e+10	-3.611990
8.93e+10	-3.617757
8.94e+10	-3.623524
8.95e+10	-3.629290
8.96e+10	-3.635057
8.97e+10	-3.640823
8.98e+10	-3.646588
8.99e+10	-3.652354
9.00e+10	-3.658119
9.01e+10	-3.663885
9.02e+10	-3.669649
9.03e+10	-3.675414
9.04e+10	-3.681178
9.05e+10	-3.686943
9.06e+10	-3.692706
9.07e+10	-3.698470
9.08e+10	-3.704233
9.09e+10	-3.709996
9.10e+10	-3.715759
9.11e+10	-3.721521
9.12e+10	-3.727283
9.13e+10	-3.733045
9.14e+10	-3.738806
9.15e+10	-3.744567
9.16e+10	-3.750328
9.17e+10	-3.756088
9.18e+10	-3.761848
9.19e+10	-3.767608
9.20e+10	-3.773367
9.21e+10	-3.779126
9.22e+10	-3.784885
9.23e+10	-3.790643
9.24e+10	-3.796401
9.25e+10	-3.802158
9.26e+10	-3.807915
9.27e+10	-3.813671
9.28e+10	-3.819427
9.29e+10	-3.825183
9.30e+10	-3.830938
9.31e+10	-3.836693
9.32e+10	-3.842448
9.33e+10	-3.848202
9.34e+10	-3.853955
9.35e+10	-3.859708
9.36e+10	-3.865461
9.37e+10	-3.871213
9.38e+10	-3.876964
9.39e+10	-3.882715
9.40e+10	-3.888466
9.41e+10	-3.894216
9.42e+10	-3.899966
9.43e+10	-3.905715
9.44e+10	-3.911463
9.45e+10	-3.917212
9.46e+10	-3.922959
9.47e+10	-3.928706
9.48e+10	-3.934453
9.49e+10	-3.940199
9.50e+10	-3.945944
9.51e+10	-3.951689
9.52e+10	-3.957433
9.53e+10	-3.963177
9.54e+10	-3.968920
9.55e+10	-3.974663
9.56e+10	-3.980405
9.57e+10	-3.986146
9.58e+10	-3.991887
9.59e+10	-3.997627
9.60e+10	-4.003367
9.61e+10	-4.009106
9.62e+10	-4.014844
9.63e+10	-4.020582
9.64e+10	-4.026319
9.65e+10	-4.032055
9.66e+10	-4.037791
9.67e+10	-4.043526
9.68e+10	-4.049261
9.69e+10	-4.054995
9.70e+10	-4.060728
9.71e+10	-4.066461
9.72e+10	-4.072193
9.73e+10	-4.077924
9.74e+10	-4.083655
9.75e+10	-4.089385
9.76e+10	-4.095114
9.77e+10	-4.100842
9.78e+10	-4.106570
9.79e+10	-4.112297
9.80e+10	-4.118024
9.81e+10	-4.123749
9.82e+10	-4.129474
9.83e+10	-4.135199
9.84e+10	-4.140922
9.85e+10	-4.146645
9.86e+10	-4.152367
9.87e+10	-4.158088
9.88e+10	-4.163809
9.89e+10	-4.169529
9.90e+10	-4.175248
9.91e+10	-4.180966
9.92e+10	-4.186683
9.93e+10	-4.192400
9.94e+10	-4.198116
9.95e+10	-4.203831
9.96e+10	-4.209546
9.97e+10	-4.215259
9.98e+10	-4.220972
9.99e+10	-4.226684
1.00e+11	-4.232395
1.00e+11	-4.238106
1.00e+11	-4.243815
1.00e+11	-4.249524
1.00e+11	-4.255232
1.00e+11	-4.260939
1.01e+11	-4.266645
1.01e+11	-4.272350
1.01e+11	-4.278055
1.01e+11	-4.283759
1.01e+11	-4.289462
1.01e+11	-4.295164
1.01e+11	-4.300865
1.01e+11	-4.306565
1.01e+11	-4.312264
1.02e+11	-4.317963
1.02e+11	-4.323661
1.02e+11	-4.329357
1.02e+11	-4.335053
1.02e+11	-4.340748
1.02e+11	-4.346442
1.02e+11	-4.352135
1.02e+11	-4.357828
1.02e+11	-4.363519
1.02e+11	-4.369209
1.02e+11	-4.374899
1.03e+11	-4.380588
1.03e+11	-4.386275
1.03e+11	-4.391962
1.03e+11	-4.397648
1.03e+11	-4.403333
1.03e+11	-4.409017
1.03e+11	-4.414700
1.03e+11	-4.420382
1.03e+11	-4.426063
1.04e+11	-4.431743
1.04e+11	-4.437422
1.04e+11	-4.443100
1.04e+11	-4.448777
1.04e+11	-4.454454
1.04e+11	-4.460129
1.04e+11	-4.465803
1.04e+11	-4.471476
1.04e+11	-4.477149
1.04e+11	-4.482820
1.04e+11	-4.488490
1.05e+11	-4.494160
1.05e+11	-4.499828
1.05e+11	-4.505495
1.05e+11	-4.511161
1.05e+11	-4.516827
1.05e+11	-4.522491
1.05e+11	-4.528154
1.05e+11	-4.533816
1.05e+11	-4.539477
1.06e+11	-4.545137
1.06e+11	-4.550796
1.06e+11	-4.556454
1.06e+11	-4.562111
1.06e+11	-4.567767
1.06e+11	-4.573422
1.06e+11	-4.579076
1.06e+11	-4.584729
1.06e+11	-4.590380
1.06e+11	-4.596031
1.06e+11	-4.601680
1.07e+11	-4.607329
1.07e+11	-4.612976
1.07e+11	-4.618622
1.07e+11	-4.624268
1.07e+11	-4.629912
1.07e+11	-4.635555
1.07e+11	-4.641197
1.07e+11	-4.646837
1.07e+11	-4.652477
1.08e+11	-4.658116
1.08e+11	-4.663753
1.08e+11	-4.669389
1.08e+11	-4.675025
1.08e+11	-4.680659
1.08e+11	-4.686292
1.08e+11	-4.691923
1.08e+11	-4.697554
1.08e+11	-4.703184
1.08e+11	-4.708812
1.08e+11	-4.714439
1.09e+11	-4.720066
1.09e+11	-4.725691
1.09e+11	-4.731314
1.09e+11	-4.736937
1.09e+11	-4.742559
1.09e+11	-4.748179
1.09e+11	-4.753798
1.09e+11	-4.759416
1.09e+11	-4.765033
1.10e+11	-4.770649
1.10e+11	-4.776263
1.10e+11	-4.781877
1.10e+11	-4.787489
1.10e+11	-4.793100
1.10e+11	-4.798709
1.10e+11	-4.804318
1.10e+11	-4.809925
1.10e+11	-4.815532
1.10e+11	-4.821137
1.10e+11	-4.826740
1.11e+11	-4.832343
1.11e+11	-4.837944
1.11e+11	-4.843544
1.11e+11	-4.849143
1.11e+11	-4.854741
1.11e+11	-4.860337
1.11e+11	-4.865933
1.11e+11	-4.871527
1.11e+11	-4.877119
1.12e+11	-4.882711
1.12e+11	-4.888301
1.12e+11	-4.893890
1.12e+11	-4.899478
1.12e+11	-4.905065
1.12e+11	-4.910650
1.12e+11	-4.916234
1.12e+11	-4.921817
1.12e+11	-4.927399
1.12e+11	-4.932979
1.12e+11	-4.938558
1.13e+11	-4.944136
1.13e+11	-4.949712
1.13e+11	-4.955288
1.13e+11	-4.960862
1.13e+11	-4.966434
1.13e+11	-4.972006
1.13e+11	-4.977576
1.13e+11	-4.983145
1.13e+11	-4.988712
1.14e+11	-4.994278
1.14e+11	-4.999843
1.14e+11	-5.005407
1.14e+11	-5.010970
1.14e+11	-5.016531
1.14e+11	-5.022090
1.14e+11	-5.027649
1.14e+11	-5.033206
1.14e+11	-5.038762
1.14e+11	-5.044317
1.14e+11	-5.049870
1.15e+11	-5.055422
1.15e+11	-5.060972
1.15e+11	-5.066522
1.15e+11	-5.072070
1.15e+11	-5.077616
1.15e+11	-5.083162
1.15e+11	-5.088706
1.15e+11	-5.094248
1.15e+11	-5.099789
1.16e+11	-5.105329
1.16e+11	-5.110868
1.16e+11	-5.116405
1.16e+11	-5.121941
1.16e+11	-5.127476
1.16e+11	-5.133009
1.16e+11	-5.138541
1.16e+11	-5.144072
1.16e+11	-5.149601
1.16e+11	-5.155129
1.16e+11	-5.160655
1.17e+11	-5.166180
1.17e+11	-5.171704
1.17e+11	-5.177226
1.17e+11	-5.182747
1.17e+11	-5.188267
1.17e+11	-5.193785
1.17e+11	-5.199302
1.17e+11	-5.204817
1.17e+11	-5.210332
1.18e+11	-5.215844
1.18e+11	-5.221356
1.18e+11	-5.226866
1.18e+11	-5.232374
1.18e+11	-5.237881
1.18e+11	-5.243387
1.18e+11	-5.248891
1.18e+11	-5.254394
1.18e+11	-5.259896
1.18e+11	-5.265396
1.18e+11	-5.270895
1.19e+11	-5.276392
1.19e+11	-5.281888
1.19e+11	-5.287383
1.19e+11	-5.292876
1.19e+11	-5.298368
1.19e+11	-5.303858
1.19e+11	-5.309347
1.19e+11	-5.314834
1.19e+11	-5.320320
1.20e+11	-5.325805
1.20e+11	-5.331288
1.20e+11	-5.336770
1.20e+11	-5.342250
1.20e+11	-5.347729
1.20e+11	-5.353207
1.20e+11	-5.358683
1.20e+11	-5.364157
1.20e+11	-5.369631
1.20e+11	-5.375102
1.20e+11	-5.380573
1.21e+11	-5.386041
1.21e+11	-5.391509
1.21e+11	-5.396975
1.21e+11	-5.402439
1.21e+11	-5.407902
1.21e+11	-5.413364
1.21e+11	-5.418824
1.21e+11	-5.424283
1.21e+11	-5.429740
1.22e+11	-5.435196
1.22e+11	-5.440650
1.22e+11	-5.446103
1.22e+11	-5.451554
1.22e+11	-5.457004
1.22e+11	-5.462453
1.22e+11	-5.467900
1.22e+11	-5.473345
1.22e+11	-5.478789
1.22e+11	-5.484232
1.22e+11	-5.489673
1.23e+11	-5.495112
1.23e+11	-5.500550
1.23e+11	-5.505987
1.23e+11	-5.511422
1.23e+11	-5.516856
1.23e+11	-5.522288
1.23e+11	-5.527719
1.23e+11	-5.533148
1.23e+11	-5.538576
1.24e+11	-5.544002
1.24e+11	-5.549427
1.24e+11	-5.554850
1.24e+11	-5.560271
1.24e+11	-5.565692
1.24e+11	-5.571110
1.24e+11	-5.576528
1.24e+11	-5.581943
1.24e+11	-5.587358
1.24e+11	-5.592770
1.24e+11	-5.598182
1.25e+11	-5.603591
1.25e+11	-5.608999
1.25e+11	-5.614406
1.25e+11	-5.619811
1.25e+11	-5.625215
1.25e+11	-5.630617
1.25e+11	-5.636018
1.25e+11	-5.641417
1.25e+11	-5.646814
1.26e+11	-5.652210
1.26e+11	-5.657605
1.26e+11	-5.662998
1.26e+11	-5.668389
1.26e+11	-5.673779
1.26e+11	-5.679168
1.26e+11	-5.684555
1.26e+11	-5.689940
1.26e+11	-5.695324
1.26e+11	-5.700706
1.26e+11	-5.706087
1.27e+11	-5.711466
1.27e+11	-5.716844
1.27e+11	-5.722220
1.27e+11	-5.727595
1.27e+11	-5.732968
1.27e+11	-5.738339
1.27e+11	-5.743709
1.27e+11	-5.749078
1.27e+11	-5.754445
1.28e+11	-5.759810
1.28e+11	-5.765174
1.28e+11	-5.770536
1.28e+11	-5.775897
1.28e+11	-5.781256
1.28e+11	-5.786614
1.28e+11	-5.791970
1.28e+11	-5.797324
1.28e+11	-5.802677
1.28e+11	-5.808028
1.28e+11	-5.813378
1.29e+11	-5.818726
1.29e+11	-5.824073
1.29e+11	-5.829418
1.29e+11	-5.834762
1.29e+11	-5.840104
1.29e+11	-5.845444
1.29e+11	-5.850783
1.29e+11	-5.856120
1.29e+11	-5.861456
1.30e+11	-5.866790
1.30e+11	-5.872123
1.30e+11	-5.877454
1.30e+11	-5.882783
1.30e+11	-5.888111
1.30e+11	-5.893438
1.30e+11	-5.898762
1.30e+11	-5.904086
1.30e+11	-5.909407
1.30e+11	-5.914727
1.30e+11	-5.920046
1.31e+11	-5.925362
1.31e+11	-5.930678
1.31e+11	-5.935991
1.31e+11	-5.941303
1.31e+11	-5.946614
1.31e+11	-5.951923
1.31e+11	-5.957230
1.31e+11	-5.962536
1.31e+11	-5.967840
1.32e+11	-5.973143
1.32e+11	-5.978444
1.32e+11	-5.983743
1.32e+11	-5.989041
1.32e+11	-5.994337
1.32e+11	-5.999632
1.32e+11	-6.004925
1.32e+11	-6.010216
1.32e+11	-6.015506
1.32e+11	-6.020794
1.32e+11	-6.026081
1.33e+11	-6.031366
1.33e+11	-6.036649
1.33e+11	-6.041931
1.33e+11	-6.047211
1.33e+11	-6.052490
1.33e+11	-6.057767
1.33e+11	-6.063042
1.33e+11	-6.068316
1.33e+11	-6.073588
1.34e+11	-6.078859
1.34e+11	-6.084128
1.34e+11	-6.089395
1.34e+11	-6.094661
1.34e+11	-6.099925
1.34e+11	-6.105188
1.34e+11	-6.110449
1.34e+11	-6.115708
1.34e+11	-6.120966
1.34e+11	-6.126222
1.34e+11	-6.131477
1.35e+11	-6.136730
1.35e+11	-6.141981
1.35e+11	-6.147230
1.35e+11	-6.152478
1.35e+11	-6.157725
1.35e+11	-6.162970
1.35e+11	-6.168213
1.35e+11	-6.173455
1.35e+11	-6.178694
1.36e+11	-6.183933
1.36e+11	-6.189170
1.36e+11	-6.194405
1.36e+11	-6.199638
1.36e+11	-6.204870
1.36e+11	-6.210100
1.36e+11	-6.215329
1.36e+11	-6.220556
1.36e+11	-6.225781
1.36e+11	-6.231005
1.36e+11	-6.236227
1.37e+11	-6.241447
1.37e+11	-6.246666
1.37e+11	-6.251883
1.37e+11	-6.257099
1.37e+11	-6.262313
1.37e+11	-6.267525
1.37e+11	-6.272736
1.37e+11	-6.277945
1.37e+11	-6.283152
1.38e+11	-6.288358
1.38e+11	-6.293562
1.38e+11	-6.298765
1.38e+11	-6.303966
1.38e+11	-6.309165
1.38e+11	-6.314363
1.38e+11	-6.319559
1.38e+11	-6.324753
1.38e+11	-6.329946
1.38e+11	-6.335137
1.38e+11	-6.340326
1.39e+11	-6.345514
1.39e+11	-6.350700
1.39e+11	-6.355885
1.39e+11	-6.361068
1.39e+11	-6.366249
1.39e+11	-6.371429
1.39e+11	-6.376606
1.39e+11	-6.381783
1.39e+11	-6.386958
1.40e+11	-6.392131
1.40e+11	-6.397302
1.40e+11	-6.402472
1.40e+11	-6.407640
1.40e+11	-6.412806
1.40e+11	-6.417971
1.40e+11	-6.423134
1.40e+11	-6.428296
1.40e+11	-6.433456
1.40e+11	-6.438614
1.40e+11	-6.443771
1.41e+11	-6.448925
1.41e+11	-6.454079
1.41e+11	-6.459230
1.41e+11	-6.464380
1.41e+11	-6.469529
1.41e+11	-6.474676
1.41e+11	-6.479821
1.41e+11	-6.484964
1.41e+11	-6.490106
1.42e+11	-6.495246
1.42e+11	-6.500384
1.42e+11	-6.505521
1.42e+11	-6.510656
1.42e+11	-6.515790
1.42e+11	-6.520922
1.42e+11	-6.526052
1.42e+11	-6.531180
1.42e+11	-6.536307
1.42e+11	-6.541433
1.42e+11	-6.546556
1.43e+11	-6.551678
1.43e+11	-6.556798
1.43e+11	-6.561917
1.43e+11	-6.567034
1.43e+11	-6.572149
1.43e+11	-6.577263
1.43e+11	-6.582375
1.43e+11	-6.587485
1.43e+11	-6.592594
1.44e+11	-6.597701
1.44e+11	-6.602806
1.44e+11	-6.607910
1.44e+11	-6.613012
1.44e+11	-6.618113
1.44e+11	-6.623211
1.44e+11	-6.628309
1.44e+11	-6.633404
1.44e+11	-6.638498
1.44e+11	-6.643590
1.44e+11	-6.648680
1.45e+11	-6.653769
1.45e+11	-6.658856
1.45e+11	-6.663942
1.45e+11	-6.669026
1.45e+11	-6.674108
1.45e+11	-6.679188
1.45e+11	-6.684267
1.45e+11	-6.689344
1.45e+11	-6.694420
1.46e+11	-6.699494
1.46e+11	-6.704566
1.46e+11	-6.709637
1.46e+11	-6.714705
1.46e+11	-6.719773
1.46e+11	-6.724838
1.46e+11	-6.729902
1.46e+11	-6.734964
1.46e+11	-6.740025
1.46e+11	-6.745084
1.46e+11	-6.750141
1.47e+11	-6.755197
1.47e+11	-6.760251
1.47e+11	-6.765303
1.47e+11	-6.770354
1.47e+11	-6.775403
1.47e+11	-6.780450
1.47e+11	-6.785495
1.47e+11	-6.790539
1.47e+11	-6.795582
1.48e+11	-6.800622
1.48e+11	-6.805661
1.48e+11	-6.810699
1.48e+11	-6.815734
1.48e+11	-6.820768
1.48e+11	-6.825801
1.48e+11	-6.830831
1.48e+11	-6.835860
1.48e+11	-6.840888
1.48e+11	-6.845913
1.48e+11	-6.850937
1.49e+11	-6.855960
1.49e+11	-6.860980
1.49e+11	-6.865999
1.49e+11	-6.871017
1.49e+11	-6.876032
1.49e+11	-6.881046
1.49e+11	-6.886059
1.49e+11	-6.891069
1.49e+11	-6.896078
1.50e+11	-6.901086
1.50e+11	-6.906091
1.50e+11	-6.911095
1.50e+11	-6.916098
1.50e+11	-6.921099
1.50e+11	-6.926098
1.50e+11	-6.931095
1.50e+11	-6.936091
1.50e+11	-6.941085
1.50e+11	-6.946077
1.50e+11	-6.951068
1.51e+11	-6.956057
1.51e+11	-6.961044
1.51e+11	-6.966030
1.51e+11	-6.971014
1.51e+11	-6.975996
1.51e+11	-6.980977
1.51e+11	-6.985956
1.51e+11	-6.990934
1.51e+11	-6.995909
1.52e+11	-7.000883
1.52e+11	-7.005856
1.52e+11	-7.010827
1.52e+11	-7.015796
1.52e+11	-7.020763
1.52e+11	-7.025729
1.52e+11	-7.030693
1.52e+11	-7.035655
1.52e+11	-7.040616
1.52e+11	-7.045575
1.52e+11	-7.050533
1.53e+11	-7.055488
1.53e+11	-7.060443
1.53e+11	-7.065395
1.53e+11	-7.070346
1.53e+11	-7.075295
1.53e+11	-7.080242
1.53e+11	-7.085188
1.53e+11	-7.090132
1.53e+11	-7.095075
1.54e+11	-7.100016
1.54e+11	-7.104955
1.54e+11	-7.109892
1.54e+11	-7.114828
1.54e+11	-7.119762
1.54e+11	-7.124695
1.54e+11	-7.129626
1.54e+11	-7.134555
1.54e+11	-7.139482
1.54e+11	-7.144408
1.54e+11	-7.149332
1.55e+11	-7.154255
1.55e+11	-7.159176
1.55e+11	-7.164095
1.55e+11	-7.169012
1.55e+11	-7.173928
1.55e+11	-7.178843
1.55e+11	-7.183755
1.55e+11	-7.188666
1.55e+11	-7.193575
1.56e+11	-7.198483
1.56e+11	-7.203389
1.56e+11	-7.208293
1.56e+11	-7.213196
1.56e+11	-7.218097
1.56e+11	-7.222996
1.56e+11	-7.227894
1.56e+11	-7.232790
1.56e+11	-7.237684
1.56e+11	-7.242576
1.56e+11	-7.247467
1.57e+11	-7.252357
1.57e+11	-7.257244
1.57e+11	-7.262131
1.57e+11	-7.267015
1.57e+11	-7.271898
1.57e+11	-7.276779
1.57e+11	-7.281658
1.57e+11	-7.286536
1.57e+11	-7.291412
1.58e+11	-7.296286
1.58e+11	-7.301159
1.58e+11	-7.306030
1.58e+11	-7.310900
1.58e+11	-7.315767
1.58e+11	-7.320634
1.58e+11	-7.325498
1.58e+11	-7.330361
1.58e+11	-7.335222
1.58e+11	-7.340082
1.58e+11	-7.344939
1.59e+11	-7.349796
1.59e+11	-7.354650
1.59e+11	-7.359503
1.59e+11	-7.364354
1.59e+11	-7.369204
1.59e+11	-7.374052
1.59e+11	-7.378898
1.59e+11	-7.383743
1.59e+11	-7.388586
1.60e+11	-7.393427
1.60e+11	-7.398267
1.60e+11	-7.403105
1.60e+11	-7.407941
1.60e+11	-7.412776
1.60e+11	-7.417609
1.60e+11	-7.422441
1.60e+11	-7.427270
1.60e+11	-7.432099
1.60e+11	-7.436925
1.60e+11	-7.441750
1.61e+11	-7.446573
1.61e+11	-7.451395
1.61e+11	-7.456215
1.61e+11	-7.461033
1.61e+11	-7.465849
1.61e+11	-7.470664
1.61e+11	-7.475478
1.61e+11	-7.480289
1.61e+11	-7.485099
1.62e+11	-7.489908
1.62e+11	-7.494714
1.62e+11	-7.499520
1.62e+11	-7.504323
1.62e+11	-7.509125
1.62e+11	-7.513925
1.62e+11	-7.518723
1.62e+11	-7.523520
1.62e+11	-7.528315
1.62e+11	-7.533109
1.62e+11	-7.537901
1.63e+11	-7.542691
1.63e+11	-7.547480
1.63e+11	-7.552267
1.63e+11	-7.557052
1.63e+11	-7.561836
1.63e+11	-7.566618
1.63e+11	-7.571399
1.63e+11	-7.576177
1.63e+11	-7.580954
1.64e+11	-7.585730
1.64e+11	-7.590504
1.64e+11	-7.595276
1.64e+11	-7.600047
1.64e+11	-7.604816
1.64e+11	-7.609583
1.64e+11	-7.614349
1.64e+11	-7.619113
1.64e+11	-7.623875
1.64e+11	-7.628636
1.64e+11	-7.633395
1.65e+11	-7.638153
1.65e+11	-7.642908
1.65e+11	-7.647663
1.65e+11	-7.652415
1.65e+11	-7.657166
1.65e+11	-7.661916
1.65e+11	-7.666663
1.65e+11	-7.671409
1.65e+11	-7.676154
1.66e+11	-7.680897
1.66e+11	-7.685638
1.66e+11	-7.690377
1.66e+11	-7.695115
1.66e+11	-7.699851
1.66e+11	-7.704586
1.66e+11	-7.709319
1.66e+11	-7.714050
1.66e+11	-7.718780
1.66e+11	-7.723508
1.66e+11	-7.728235
1.67e+11	-7.732960
1.67e+11	-7.737683
1.67e+11	-7.742405
1.67e+11	-7.747125
1.67e+11	-7.751843
1.67e+11	-7.756560
1.67e+11	-7.761275
1.67e+11	-7.765988
1.67e+11	-7.770700
1.68e+11	-7.775410
1.68e+11	-7.780119
1.68e+11	-7.784826
1.68e+11	-7.789531
1.68e+11	-7.794235
1.68e+11	-7.798937
1.68e+11	-7.803638
1.68e+11	-7.808336
1.68e+11	-7.813034
1.68e+11	-7.817729
1.68e+11	-7.822423
1.69e+11	-7.827116
1.69e+11	-7.831807
1.69e+11	-7.836496
1.69e+11	-7.841183
1.69e+11	-7.845869
1.69e+11	-7.850553
1.69e+11	-7.855236
1.69e+11	-7.859917
1.69e+11	-7.864597
1.70e+11	-7.869274
1.70e+11	-7.873951
1.70e+11	-7.878625
1.70e+11	-7.883298
1.70e+11	-7.887970
1.70e+11	-7.892639
1.70e+11	-7.897308
1.70e+11	-7.901974
1.70e+11	-7.906639
1.70e+11	-7.911302
1.70e+11	-7.915964
1.71e+11	-7.920624
1.71e+11	-7.925283
1.71e+11	-7.929939
1.71e+11	-7.934595
1.71e+11	-7.939248
1.71e+11	-7.943900
1.71e+11	-7.948551
1.71e+11	-7.953200
1.71e+11	-7.957847
1.72e+11	-7.962492
1.72e+11	-7.967136
1.72e+11	-7.971779
1.72e+11	-7.976420
1.72e+11	-7.981059
1.72e+11	-7.985696
1.72e+11	-7.990332
1.72e+11	-7.994967
1.72e+11	-7.999599
1.72e+11	-8.004231
1.72e+11	-8.008860
1.73e+11	-8.013488
1.73e+11	-8.018114
1.73e+11	-8.022739
1.73e+11	-8.027362
1.73e+11	-8.031984
1.73e+11	-8.036604
1.73e+11	-8.041222
1.73e+11	-8.045839
1.73e+11	-8.050454
1.74e+11	-8.055068
1.74e+11	-8.059680
1.74e+11	-8.064290
1.74e+11	-8.068899
1.74e+11	-8.073506
1.74e+11	-8.078112
1.74e+11	-8.082716
1.74e+11	-8.087318
1.74e+11	-8.091919
1.74e+11	-8.096518
1.74e+11	-8.101116
1.75e+11	-8.105712
1.75e+11	-8.110306
1.75e+11	-8.114899
1.75e+11	-8.119490
1.75e+11	-8.124080
1.75e+11	-8.128668
1.75e+11	-8.133254
1.75e+11	-8.137839
1.75e+11	-8.142423
1.76e+11	-8.147004
1.76e+11	-8.151584
1.76e+11	-8.156163
1.76e+11	-8.160740
1.76e+11	-8.165315
1.76e+11	-8.169889
1.76e+11	-8.174461
1.76e+11	-8.179032
1.76e+11	-8.183601
1.76e+11	-8.188168
1.76e+11	-8.192734
1.77e+11	-8.197299
1.77e+11	-8.201861
1.77e+11	-8.206423
1.77e+11	-8.210982
1.77e+11	-8.215540
1.77e+11	-8.220096
1.77e+11	-8.224651
1.77e+11	-8.229205
1.77e+11	-8.233756
1.78e+11	-8.238306
1.78e+11	-8.242855
1.78e+11	-8.247402
1.78e+11	-8.251947
1.78e+11	-8.256491
1.78e+11	-8.261033
1.78e+11	-8.265574
1.78e+11	-8.270113
1.78e+11	-8.274650
1.78e+11	-8.279186
1.78e+11	-8.283721
1.79e+11	-8.288253
1.79e+11	-8.292784
1.79e+11	-8.297314
1.79e+11	-8.301842
1.79e+11	-8.306369
1.79e+11	-8.310894
1.79e+11	-8.315417
1.79e+11	-8.319939
1.79e+11	-8.324459
1.80e+11	-8.328978
1.80e+11	-8.333495
1.80e+11	-8.338010
1.80e+11	-8.342524
1.80e+11	-8.347037
1.80e+11	-8.351548
1.80e+11	-8.356057
1.80e+11	-8.360565
1.80e+11	-8.365071
1.80e+11	-8.369575
1.80e+11	-8.374078
1.81e+11	-8.378580
1.81e+11	-8.383080
1.81e+11	-8.387578
1.81e+11	-8.392075
1.81e+11	-8.396570
1.81e+11	-8.401064
1.81e+11	-8.405556
1.81e+11	-8.410047
1.81e+11	-8.414536
1.82e+11	-8.419023
1.82e+11	-8.423509
1.82e+11	-8.427993
1.82e+11	-8.432476
1.82e+11	-8.436957
1.82e+11	-8.441437
1.82e+11	-8.445915
1.82e+11	-8.450392
1.82e+11	-8.454867
1.82e+11	-8.459340
1.82e+11	-8.463812
1.83e+11	-8.468283
1.83e+11	-8.472752
1.83e+11	-8.477219
1.83e+11	-8.481685
1.83e+11	-8.486149
1.83e+11	-8.490611
1.83e+11	-8.495073
1.83e+11	-8.499532
1.83e+11	-8.503990
1.84e+11	-8.508447
1.84e+11	-8.512902
1.84e+11	-8.517355
1.84e+11	-8.521807
1.84e+11	-8.526257
1.84e+11	-8.530706
1.84e+11	-8.535153
1.84e+11	-8.539599
1.84e+11	-8.544043
1.84e+11	-8.548486
1.84e+11	-8.552927
1.85e+11	-8.557366
1.85e+11	-8.561804
1.85e+11	-8.566241
1.85e+11	-8.570676
1.85e+11	-8.575109
1.85e+11	-8.579541
1.85e+11	-8.583972
1.85e+11	-8.588400
1.85e+11	-8.592828
1.86e+11	-8.597253
1.86e+11	-8.601678
1.86e+11	-8.606100
1.86e+11	-8.610521
1.86e+11	-8.614941
1.86e+11	-8.619359
1.86e+11	-8.623776
1.86e+11	-8.628191
1.86e+11	-8.632604
1.86e+11	-8.637016
1.86e+11	-8.641427
1.87e+11	-8.645836
1.87e+11	-8.650243
1.87e+11	-8.654649
1.87e+11	-8.659054
1.87e+11	-8.663456
1.87e+11	-8.667858
1.87e+11	-8.672258
1.87e+11	-8.676656
1.87e+11	-8.681053
1.88e+11	-8.685448
1.88e+11	-8.689842
1.88e+11	-8.694234
1.88e+11	-8.698625
1.88e+11	-8.703014
1.88e+11	-8.707401
1.88e+11	-8.711788
1.88e+11	-8.716172
1.88e+11	-8.720555
1.88e+11	-8.724937
1.88e+11	-8.729317
1.89e+11	-8.733696
1.89e+11	-8.738073
1.89e+11	-8.742448
1.89e+11	-8.746822
1.89e+11	-8.751195
1.89e+11	-8.755566
1.89e+11	-8.759935
1.89e+11	-8.764303
1.89e+11	-8.768670
1.90e+11	-8.773035
1.90e+11	-8.777398
1.90e+11	-8.781760
1.90e+11	-8.786121
1.90e+11	-8.790480
1.90e+11	-8.794837
1.90e+11	-8.799193
1.90e+11	-8.803548
1.90e+11	-8.807901
1.90e+11	-8.812252
1.90e+11	-8.816602
1.91e+11	-8.820951
1.91e+11	-8.825298
1.91e+11	-8.829643
1.91e+11	-8.833987
1.91e+11	-8.838329
1.91e+11	-8.842670
1.91e+11	-8.847010
1.91e+11	-8.851348
1.91e+11	-8.855684
1.92e+11	-8.860019
1.92e+11	-8.864353
1.92e+11	-8.868685
1.92e+11	-8.873015
1.92e+11	-8.877344
1.92e+11	-8.881672
1.92e+11	-8.885998
1.92e+11	-8.890323
1.92e+11	-8.894646
1.92e+11	-8.898967
1.92e+11	-8.903287
1.93e+11	-8.907606
1.93e+11	-8.911923
1.93e+11	-8.916239
1.93e+11	-8.920553
1.93e+11	-8.924865
1.93e+11	-8.929177
1.93e+11	-8.933486
1.93e+11	-8.937794
1.93e+11	-8.942101
1.94e+11	-8.946406
1.94e+11	-8.950710
1.94e+11	-8.955012
1.94e+11	-8.959313
1.94e+11	-8.963613
1.94e+11	-8.967910
1.94e+11	-8.972207
1.94e+11	-8.976502
1.94e+11	-8.980795
1.94e+11	-8.985087
1.94e+11	-8.989377
1.95e+11	-8.993666
1.95e+11	-8.997954
1.95e+11	-9.002240
1.95e+11	-9.006524
1.95e+11	-9.010808
1.95e+11	-9.015089
1.95e+11	-9.019369
1.95e+11	-9.023648
1.95e+11	-9.027925
1.96e+11	-9.032201
1.96e+11	-9.036475
1.96e+11	-9.040748
1.96e+11	-9.045019
1.96e+11	-9.049289
1.96e+11	-9.053558
1.96e+11	-9.057824
1.96e+11	-9.062090
1.96e+11	-9.066354
1.96e+11	-9.070616
1.96e+11	-9.074878
1.97e+11	-9.079137
1.97e+11	-9.083395
1.97e+11	-9.087652
1.97e+11	-9.091907
1.97e+11	-9.096161
1.97e+11	-9.100413
1.97e+11	-9.104664
1.97e+11	-9.108914
1.97e+11	-9.113162
1.98e+11	-9.117408
1.98e+11	-9.121653
1.98e+11	-9.125897
1.98e+11	-9.130139
1.98e+11	-9.134379
1.98e+11	-9.138619
1.98e+11	-9.142856
1.98e+11	-9.147093
1.98e+11	-9.151328
1.98e+11	-9.155561
1.98e+11	-9.159793
1.99e+11	-9.164023
1.99e+11	-9.168253
1.99e+11	-9.172480
1.99e+11	-9.176706
1.99e+11	-9.180931
1.99e+11	-9.185154
1.99e+11	-9.189376
1.99e+11	-9.193597
1.99e+11	-9.197815
2.00e+11	-9.202033
2.00e+11	-9.206249
2.00e+11	-9.210464
2.00e+11	-9.214677
2.00e+11	-9.218889
