# Frequency (Hz)	EO Bandwidth (dB)
1.00e+08	-0.000018
2.00e+08	-0.000072
3.00e+08	-0.000162
4.00e+08	-0.000288
5.00e+08	-0.000450
6.00e+08	-0.000648
7.00e+08	-0.000882
8.00e+08	-0.001152
9.00e+08	-0.001459
1.00e+09	-0.001801
1.10e+09	-0.002179
1.20e+09	-0.002593
1.30e+09	-0.003043
1.40e+09	-0.003529
1.50e+09	-0.004050
1.60e+09	-0.004608
1.70e+09	-0.005202
1.80e+09	-0.005832
1.90e+09	-0.006497
2.00e+09	-0.007199
2.10e+09	-0.007936
2.20e+09	-0.008709
2.30e+09	-0.009518
2.40e+09	-0.010363
2.50e+09	-0.011243
2.60e+09	-0.012159
2.70e+09	-0.013112
2.80e+09	-0.014099
2.90e+09	-0.015123
3.00e+09	-0.016182
3.10e+09	-0.017277
3.20e+09	-0.018408
3.30e+09	-0.019574
3.40e+09	-0.020775
3.50e+09	-0.022013
3.60e+09	-0.023286
3.70e+09	-0.024594
3.80e+09	-0.025938
3.90e+09	-0.027317
4.00e+09	-0.028732
4.10e+09	-0.030182
4.20e+09	-0.031668
4.30e+09	-0.033189
4.40e+09	-0.034745
4.50e+09	-0.036336
4.60e+09	-0.037963
4.70e+09	-0.039625
4.80e+09	-0.041322
4.90e+09	-0.043054
5.00e+09	-0.044822
5.10e+09	-0.046624
5.20e+09	-0.048461
5.30e+09	-0.050334
5.40e+09	-0.052241
5.50e+09	-0.054183
5.60e+09	-0.056160
5.70e+09	-0.058172
5.80e+09	-0.060219
5.90e+09	-0.062301
6.00e+09	-0.064417
6.10e+09	-0.066567
6.20e+09	-0.068753
6.30e+09	-0.070973
6.40e+09	-0.073227
6.50e+09	-0.075516
6.60e+09	-0.077839
6.70e+09	-0.080197
6.80e+09	-0.082589
6.90e+09	-0.085015
7.00e+09	-0.087476
7.10e+09	-0.089970
7.20e+09	-0.092499
7.30e+09	-0.095062
7.40e+09	-0.097659
7.50e+09	-0.100290
7.60e+09	-0.102954
7.70e+09	-0.105653
7.80e+09	-0.108385
7.90e+09	-0.111151
8.00e+09	-0.113951
8.10e+09	-0.116784
8.20e+09	-0.119651
8.30e+09	-0.122552
8.40e+09	-0.125485
8.50e+09	-0.128453
8.60e+09	-0.131453
8.70e+09	-0.134487
8.80e+09	-0.137554
8.90e+09	-0.140654
9.00e+09	-0.143788
9.10e+09	-0.146954
9.20e+09	-0.150153
9.30e+09	-0.153385
9.40e+09	-0.156650
9.50e+09	-0.159948
9.60e+09	-0.163278
9.70e+09	-0.166641
9.80e+09	-0.170037
9.90e+09	-0.173465
1.00e+10	-0.176925
1.01e+10	-0.180418
1.02e+10	-0.183943
1.03e+10	-0.187500
1.04e+10	-0.191090
1.05e+10	-0.194711
1.06e+10	-0.198365
1.07e+10	-0.202050
1.08e+10	-0.205767
1.09e+10	-0.209516
1.10e+10	-0.213297
1.11e+10	-0.217110
1.12e+10	-0.220954
1.13e+10	-0.224829
1.14e+10	-0.228736
1.15e+10	-0.232674
1.16e+10	-0.236643
1.17e+10	-0.240644
1.18e+10	-0.244676
1.19e+10	-0.248738
1.20e+10	-0.252832
1.21e+10	-0.256956
1.22e+10	-0.261112
1.23e+10	-0.265298
1.24e+10	-0.269514
1.25e+10	-0.273762
1.26e+10	-0.278039
1.27e+10	-0.282347
1.28e+10	-0.286686
1.29e+10	-0.291054
1.30e+10	-0.295453
1.31e+10	-0.299882
1.32e+10	-0.304340
1.33e+10	-0.308829
1.34e+10	-0.313347
1.35e+10	-0.317896
1.36e+10	-0.322473
1.37e+10	-0.327081
1.38e+10	-0.331717
1.39e+10	-0.336384
1.40e+10	-0.341079
1.41e+10	-0.345804
1.42e+10	-0.350558
1.43e+10	-0.355340
1.44e+10	-0.360152
1.45e+10	-0.364993
1.46e+10	-0.369862
1.47e+10	-0.374760
1.48e+10	-0.379687
1.49e+10	-0.384642
1.50e+10	-0.389626
1.51e+10	-0.394638
1.52e+10	-0.399678
1.53e+10	-0.404746
1.54e+10	-0.409842
1.55e+10	-0.414967
1.56e+10	-0.420119
1.57e+10	-0.425299
1.58e+10	-0.430506
1.59e+10	-0.435741
1.60e+10	-0.441004
1.61e+10	-0.446294
1.62e+10	-0.451612
1.63e+10	-0.456956
1.64e+10	-0.462328
1.65e+10	-0.467727
1.66e+10	-0.473153
1.67e+10	-0.478605
1.68e+10	-0.484085
1.69e+10	-0.489591
1.70e+10	-0.495124
1.71e+10	-0.500683
1.72e+10	-0.506268
1.73e+10	-0.511880
1.74e+10	-0.517518
1.75e+10	-0.523182
1.76e+10	-0.528872
1.77e+10	-0.534588
1.78e+10	-0.540329
1.79e+10	-0.546097
1.80e+10	-0.551890
1.81e+10	-0.557708
1.82e+10	-0.563552
1.83e+10	-0.569422
1.84e+10	-0.575316
1.85e+10	-0.581236
1.86e+10	-0.587180
1.87e+10	-0.593150
1.88e+10	-0.599144
1.89e+10	-0.605164
1.90e+10	-0.611207
1.91e+10	-0.617276
1.92e+10	-0.623368
1.93e+10	-0.629485
1.94e+10	-0.635627
1.95e+10	-0.641792
1.96e+10	-0.647982
1.97e+10	-0.654195
1.98e+10	-0.660433
1.99e+10	-0.666694
2.00e+10	-0.672979
2.01e+10	-0.679287
2.02e+10	-0.685619
2.03e+10	-0.691974
2.04e+10	-0.698352
2.05e+10	-0.704754
2.06e+10	-0.711178
2.07e+10	-0.717626
2.08e+10	-0.724096
2.09e+10	-0.730589
2.10e+10	-0.737105
2.11e+10	-0.743643
2.12e+10	-0.750204
2.13e+10	-0.756788
2.14e+10	-0.763393
2.15e+10	-0.770021
2.16e+10	-0.776670
2.17e+10	-0.783342
2.18e+10	-0.790035
2.19e+10	-0.796751
2.20e+10	-0.803488
2.21e+10	-0.810246
2.22e+10	-0.817026
2.23e+10	-0.823828
2.24e+10	-0.830650
2.25e+10	-0.837494
2.26e+10	-0.844359
2.27e+10	-0.851245
2.28e+10	-0.858151
2.29e+10	-0.865079
2.30e+10	-0.872027
2.31e+10	-0.878996
2.32e+10	-0.885985
2.33e+10	-0.892994
2.34e+10	-0.900024
2.35e+10	-0.907074
2.36e+10	-0.914144
2.37e+10	-0.921234
2.38e+10	-0.928344
2.39e+10	-0.935474
2.40e+10	-0.942623
2.41e+10	-0.949792
2.42e+10	-0.956980
2.43e+10	-0.964188
2.44e+10	-0.971415
2.45e+10	-0.978661
2.46e+10	-0.985927
2.47e+10	-0.993211
2.48e+10	-1.000514
2.49e+10	-1.007836
2.50e+10	-1.015177
2.51e+10	-1.022536
2.52e+10	-1.029914
2.53e+10	-1.037310
2.54e+10	-1.044725
2.55e+10	-1.052158
2.56e+10	-1.059608
2.57e+10	-1.067077
2.58e+10	-1.074564
2.59e+10	-1.082069
2.60e+10	-1.089591
2.61e+10	-1.097131
2.62e+10	-1.104688
2.63e+10	-1.112263
2.64e+10	-1.119855
2.65e+10	-1.127465
2.66e+10	-1.135091
2.67e+10	-1.142735
2.68e+10	-1.150395
2.69e+10	-1.158073
2.70e+10	-1.165767
2.71e+10	-1.173478
2.72e+10	-1.181205
2.73e+10	-1.188949
2.74e+10	-1.196709
2.75e+10	-1.204486
2.76e+10	-1.212279
2.77e+10	-1.220087
2.78e+10	-1.227912
2.79e+10	-1.235753
2.80e+10	-1.243609
2.81e+10	-1.251482
2.82e+10	-1.259370
2.83e+10	-1.267273
2.84e+10	-1.275192
2.85e+10	-1.283126
2.86e+10	-1.291075
2.87e+10	-1.299040
2.88e+10	-1.307020
2.89e+10	-1.315014
2.90e+10	-1.323024
2.91e+10	-1.331048
2.92e+10	-1.339087
2.93e+10	-1.347141
2.94e+10	-1.355209
2.95e+10	-1.363291
2.96e+10	-1.371388
2.97e+10	-1.379499
2.98e+10	-1.387625
2.99e+10	-1.395764
3.00e+10	-1.403917
3.01e+10	-1.412085
3.02e+10	-1.420266
3.03e+10	-1.428460
3.04e+10	-1.436669
3.05e+10	-1.444890
3.06e+10	-1.453126
3.07e+10	-1.461374
3.08e+10	-1.469636
3.09e+10	-1.477911
3.10e+10	-1.486199
3.11e+10	-1.494500
3.12e+10	-1.502815
3.13e+10	-1.511141
3.14e+10	-1.519481
3.15e+10	-1.527833
3.16e+10	-1.536198
3.17e+10	-1.544575
3.18e+10	-1.552965
3.19e+10	-1.561367
3.20e+10	-1.569781
3.21e+10	-1.578208
3.22e+10	-1.586646
3.23e+10	-1.595096
3.24e+10	-1.603559
3.25e+10	-1.612033
3.26e+10	-1.620518
3.27e+10	-1.629016
3.28e+10	-1.637525
3.29e+10	-1.646045
3.30e+10	-1.654577
3.31e+10	-1.663120
3.32e+10	-1.671674
3.33e+10	-1.680239
3.34e+10	-1.688816
3.35e+10	-1.697403
3.36e+10	-1.706001
3.37e+10	-1.714610
3.38e+10	-1.723230
3.39e+10	-1.731861
3.40e+10	-1.740502
3.41e+10	-1.749153
3.42e+10	-1.757815
3.43e+10	-1.766487
3.44e+10	-1.775169
3.45e+10	-1.783862
3.46e+10	-1.792565
3.47e+10	-1.801277
3.48e+10	-1.810000
3.49e+10	-1.818732
3.50e+10	-1.827475
3.51e+10	-1.836226
3.52e+10	-1.844988
3.53e+10	-1.853759
3.54e+10	-1.862539
3.55e+10	-1.871329
3.56e+10	-1.880128
3.57e+10	-1.888937
3.58e+10	-1.897754
3.59e+10	-1.906581
3.60e+10	-1.915417
3.61e+10	-1.924261
3.62e+10	-1.933115
3.63e+10	-1.941977
3.64e+10	-1.950848
3.65e+10	-1.959727
3.66e+10	-1.968615
3.67e+10	-1.977512
3.68e+10	-1.986417
3.69e+10	-1.995330
3.70e+10	-2.004252
3.71e+10	-2.013181
3.72e+10	-2.022119
3.73e+10	-2.031065
3.74e+10	-2.040019
3.75e+10	-2.048981
3.76e+10	-2.057951
3.77e+10	-2.066928
3.78e+10	-2.075913
3.79e+10	-2.084906
3.80e+10	-2.093906
3.81e+10	-2.102914
3.82e+10	-2.111929
3.83e+10	-2.120951
3.84e+10	-2.129981
3.85e+10	-2.139018
3.86e+10	-2.148062
3.87e+10	-2.157113
3.88e+10	-2.166171
3.89e+10	-2.175236
3.90e+10	-2.184308
3.91e+10	-2.193387
3.92e+10	-2.202473
3.93e+10	-2.211565
3.94e+10	-2.220664
3.95e+10	-2.229769
3.96e+10	-2.238881
3.97e+10	-2.247999
3.98e+10	-2.257123
3.99e+10	-2.266254
4.00e+10	-2.275391
4.01e+10	-2.284534
4.02e+10	-2.293683
4.03e+10	-2.302838
4.04e+10	-2.312000
4.05e+10	-2.321167
4.06e+10	-2.330339
4.07e+10	-2.339518
4.08e+10	-2.348702
4.09e+10	-2.357892
4.10e+10	-2.367088
4.11e+10	-2.376289
4.12e+10	-2.385495
4.13e+10	-2.394707
4.14e+10	-2.403924
4.15e+10	-2.413147
4.16e+10	-2.422375
4.17e+10	-2.431608
4.18e+10	-2.440845
4.19e+10	-2.450088
4.20e+10	-2.459336
4.21e+10	-2.468589
4.22e+10	-2.477847
4.23e+10	-2.487109
4.24e+10	-2.496377
4.25e+10	-2.505648
4.26e+10	-2.514925
4.27e+10	-2.524206
4.28e+10	-2.533492
4.29e+10	-2.542782
4.30e+10	-2.552076
4.31e+10	-2.561375
4.32e+10	-2.570678
4.33e+10	-2.579985
4.34e+10	-2.589297
4.35e+10	-2.598612
4.36e+10	-2.607932
4.37e+10	-2.617255
4.38e+10	-2.626583
4.39e+10	-2.635914
4.40e+10	-2.645249
4.41e+10	-2.654589
4.42e+10	-2.663931
4.43e+10	-2.673278
4.44e+10	-2.682628
4.45e+10	-2.691982
4.46e+10	-2.701339
4.47e+10	-2.710699
4.48e+10	-2.720063
4.49e+10	-2.729431
4.50e+10	-2.738802
4.51e+10	-2.748176
4.52e+10	-2.757553
4.53e+10	-2.766933
4.54e+10	-2.776317
4.55e+10	-2.785703
4.56e+10	-2.795093
4.57e+10	-2.804485
4.58e+10	-2.813880
4.59e+10	-2.823279
4.60e+10	-2.832680
4.61e+10	-2.842084
4.62e+10	-2.851490
4.63e+10	-2.860899
4.64e+10	-2.870311
4.65e+10	-2.879725
4.66e+10	-2.889142
4.67e+10	-2.898562
4.68e+10	-2.907983
4.69e+10	-2.917408
4.70e+10	-2.926834
4.71e+10	-2.936263
4.72e+10	-2.945694
4.73e+10	-2.955127
4.74e+10	-2.964562
4.75e+10	-2.974000
4.76e+10	-2.983439
4.77e+10	-2.992881
4.78e+10	-3.002324
4.79e+10	-3.011770
4.80e+10	-3.021217
4.81e+10	-3.030666
4.82e+10	-3.040117
4.83e+10	-3.049569
4.84e+10	-3.059024
4.85e+10	-3.068480
4.86e+10	-3.077937
4.87e+10	-3.087396
4.88e+10	-3.096857
4.89e+10	-3.106319
4.90e+10	-3.115783
4.91e+10	-3.125248
4.92e+10	-3.134714
4.93e+10	-3.144182
4.94e+10	-3.153651
4.95e+10	-3.163121
4.96e+10	-3.172592
4.97e+10	-3.182065
4.98e+10	-3.191539
4.99e+10	-3.201013
5.00e+10	-3.210489
5.01e+10	-3.219966
5.02e+10	-3.229443
5.03e+10	-3.238922
5.04e+10	-3.248401
5.05e+10	-3.257882
5.06e+10	-3.267363
5.07e+10	-3.276845
5.08e+10	-3.286327
5.09e+10	-3.295811
5.10e+10	-3.305295
5.11e+10	-3.314779
5.12e+10	-3.324264
5.13e+10	-3.333750
5.14e+10	-3.343236
5.15e+10	-3.352723
5.16e+10	-3.362210
5.17e+10	-3.371697
5.18e+10	-3.381185
5.19e+10	-3.390673
5.20e+10	-3.400161
5.21e+10	-3.409650
5.22e+10	-3.419138
5.23e+10	-3.428627
5.24e+10	-3.438116
5.25e+10	-3.447606
5.26e+10	-3.457095
5.27e+10	-3.466584
5.28e+10	-3.476073
5.29e+10	-3.485563
5.30e+10	-3.495052
5.31e+10	-3.504541
5.32e+10	-3.514030
5.33e+10	-3.523518
5.34e+10	-3.533007
5.35e+10	-3.542495
5.36e+10	-3.551983
5.37e+10	-3.561471
5.38e+10	-3.570958
5.39e+10	-3.580445
5.40e+10	-3.589932
5.41e+10	-3.599418
5.42e+10	-3.608904
5.43e+10	-3.618389
5.44e+10	-3.627874
5.45e+10	-3.637358
5.46e+10	-3.646842
5.47e+10	-3.656325
5.48e+10	-3.665807
5.49e+10	-3.675289
5.50e+10	-3.684770
5.51e+10	-3.694250
5.52e+10	-3.703729
5.53e+10	-3.713208
5.54e+10	-3.722686
5.55e+10	-3.732162
5.56e+10	-3.741638
5.57e+10	-3.751114
5.58e+10	-3.760588
5.59e+10	-3.770061
5.60e+10	-3.779533
5.61e+10	-3.789004
5.62e+10	-3.798475
5.63e+10	-3.807944
5.64e+10	-3.817412
5.65e+10	-3.826878
5.66e+10	-3.836344
5.67e+10	-3.845808
5.68e+10	-3.855272
5.69e+10	-3.864734
5.70e+10	-3.874194
5.71e+10	-3.883654
5.72e+10	-3.893112
5.73e+10	-3.902568
5.74e+10	-3.912024
5.75e+10	-3.921478
5.76e+10	-3.930930
5.77e+10	-3.940381
5.78e+10	-3.949831
5.79e+10	-3.959279
5.80e+10	-3.968725
5.81e+10	-3.978170
5.82e+10	-3.987613
5.83e+10	-3.997055
5.84e+10	-4.006495
5.85e+10	-4.015934
5.86e+10	-4.025370
5.87e+10	-4.034806
5.88e+10	-4.044239
5.89e+10	-4.053670
5.90e+10	-4.063100
5.91e+10	-4.072528
5.92e+10	-4.081954
5.93e+10	-4.091379
5.94e+10	-4.100801
5.95e+10	-4.110222
5.96e+10	-4.119641
5.97e+10	-4.129057
5.98e+10	-4.138472
5.99e+10	-4.147885
6.00e+10	-4.157296
6.01e+10	-4.166704
6.02e+10	-4.176111
6.03e+10	-4.185516
6.04e+10	-4.194918
6.05e+10	-4.204319
6.06e+10	-4.213717
6.07e+10	-4.223113
6.08e+10	-4.232507
6.09e+10	-4.241899
6.10e+10	-4.251288
6.11e+10	-4.260676
6.12e+10	-4.270061
6.13e+10	-4.279444
6.14e+10	-4.288824
6.15e+10	-4.298202
6.16e+10	-4.307578
6.17e+10	-4.316952
6.18e+10	-4.326323
6.19e+10	-4.335691
6.20e+10	-4.345058
6.21e+10	-4.354422
6.22e+10	-4.363783
6.23e+10	-4.373142
6.24e+10	-4.382498
6.25e+10	-4.391852
6.26e+10	-4.401204
6.27e+10	-4.410552
6.28e+10	-4.419899
6.29e+10	-4.429242
6.30e+10	-4.438583
6.31e+10	-4.447922
6.32e+10	-4.457258
6.33e+10	-4.466591
6.34e+10	-4.475921
6.35e+10	-4.485249
6.36e+10	-4.494574
6.37e+10	-4.503897
6.38e+10	-4.513216
6.39e+10	-4.522533
6.40e+10	-4.531847
6.41e+10	-4.541158
6.42e+10	-4.550467
6.43e+10	-4.559773
6.44e+10	-4.569075
6.45e+10	-4.578375
6.46e+10	-4.587672
6.47e+10	-4.596967
6.48e+10	-4.606258
6.49e+10	-4.615546
6.50e+10	-4.624832
6.51e+10	-4.634114
6.52e+10	-4.643393
6.53e+10	-4.652670
6.54e+10	-4.661943
6.55e+10	-4.671214
6.56e+10	-4.680481
6.57e+10	-4.689746
6.58e+10	-4.699007
6.59e+10	-4.708265
6.60e+10	-4.717520
6.61e+10	-4.726773
6.62e+10	-4.736021
6.63e+10	-4.745267
6.64e+10	-4.754510
6.65e+10	-4.763749
6.66e+10	-4.772986
6.67e+10	-4.782219
6.68e+10	-4.791449
6.69e+10	-4.800676
6.70e+10	-4.809899
6.71e+10	-4.819119
6.72e+10	-4.828336
6.73e+10	-4.837550
6.74e+10	-4.846760
6.75e+10	-4.855967
6.76e+10	-4.865171
6.77e+10	-4.874372
6.78e+10	-4.883569
6.79e+10	-4.892763
6.80e+10	-4.901953
6.81e+10	-4.911140
6.82e+10	-4.920324
6.83e+10	-4.929504
6.84e+10	-4.938681
6.85e+10	-4.947854
6.86e+10	-4.957025
6.87e+10	-4.966191
6.88e+10	-4.975354
6.89e+10	-4.984514
6.90e+10	-4.993670
6.91e+10	-5.002823
6.92e+10	-5.011972
6.93e+10	-5.021117
6.94e+10	-5.030260
6.95e+10	-5.039398
6.96e+10	-5.048533
6.97e+10	-5.057665
6.98e+10	-5.066793
6.99e+10	-5.075917
7.00e+10	-5.085038
7.01e+10	-5.094155
7.02e+10	-5.103268
7.03e+10	-5.112378
7.04e+10	-5.121484
7.05e+10	-5.130587
7.06e+10	-5.139686
7.07e+10	-5.148781
7.08e+10	-5.157873
7.09e+10	-5.166961
7.10e+10	-5.176045
7.11e+10	-5.185125
7.12e+10	-5.194202
7.13e+10	-5.203275
7.14e+10	-5.212345
7.15e+10	-5.221410
7.16e+10	-5.230472
7.17e+10	-5.239530
7.18e+10	-5.248584
7.19e+10	-5.257635
7.20e+10	-5.266682
7.21e+10	-5.275725
7.22e+10	-5.284764
7.23e+10	-5.293799
7.24e+10	-5.302830
7.25e+10	-5.311858
7.26e+10	-5.320882
7.27e+10	-5.329902
7.28e+10	-5.338918
7.29e+10	-5.347930
7.30e+10	-5.356938
7.31e+10	-5.365943
7.32e+10	-5.374943
7.33e+10	-5.383940
7.34e+10	-5.392933
7.35e+10	-5.401922
7.36e+10	-5.410907
7.37e+10	-5.419888
7.38e+10	-5.428865
7.39e+10	-5.437838
7.40e+10	-5.446807
7.41e+10	-5.455772
7.42e+10	-5.464733
7.43e+10	-5.473690
7.44e+10	-5.482644
7.45e+10	-5.491593
7.46e+10	-5.500538
7.47e+10	-5.509479
7.48e+10	-5.518417
7.49e+10	-5.527350
7.50e+10	-5.536279
7.51e+10	-5.545204
7.52e+10	-5.554125
7.53e+10	-5.563042
7.54e+10	-5.571955
7.55e+10	-5.580864
7.56e+10	-5.589769
7.57e+10	-5.598670
7.58e+10	-5.607566
7.59e+10	-5.616459
7.60e+10	-5.625347
7.61e+10	-5.634232
7.62e+10	-5.643112
7.63e+10	-5.651988
7.64e+10	-5.660860
7.65e+10	-5.669728
7.66e+10	-5.678592
7.67e+10	-5.687452
7.68e+10	-5.696307
7.69e+10	-5.705159
7.70e+10	-5.714006
7.71e+10	-5.722849
7.72e+10	-5.731688
7.73e+10	-5.740522
7.74e+10	-5.749353
7.75e+10	-5.758179
7.76e+10	-5.767001
7.77e+10	-5.775819
7.78e+10	-5.784633
7.79e+10	-5.793443
7.80e+10	-5.802248
7.81e+10	-5.811049
7.82e+10	-5.819846
7.83e+10	-5.828639
7.84e+10	-5.837428
7.85e+10	-5.846212
7.86e+10	-5.854992
7.87e+10	-5.863768
7.88e+10	-5.872539
7.89e+10	-5.881306
7.90e+10	-5.890069
7.91e+10	-5.898828
7.92e+10	-5.907583
7.93e+10	-5.916333
7.94e+10	-5.925079
7.95e+10	-5.933820
7.96e+10	-5.942558
7.97e+10	-5.951291
7.98e+10	-5.960020
7.99e+10	-5.968744
8.00e+10	-5.977465
8.01e+10	-5.986180
8.02e+10	-5.994892
8.03e+10	-6.003599
8.04e+10	-6.012302
8.05e+10	-6.021001
8.06e+10	-6.029695
8.07e+10	-6.038385
8.08e+10	-6.047071
8.09e+10	-6.055752
8.10e+10	-6.064429
8.11e+10	-6.073102
8.12e+10	-6.081770
8.13e+10	-6.090434
8.14e+10	-6.099094
8.15e+10	-6.107749
8.16e+10	-6.116400
8.17e+10	-6.125047
8.18e+10	-6.133689
8.19e+10	-6.142327
8.20e+10	-6.150960
8.21e+10	-6.159589
8.22e+10	-6.168214
8.23e+10	-6.176834
8.24e+10	-6.185450
8.25e+10	-6.194062
8.26e+10	-6.202669
8.27e+10	-6.211272
8.28e+10	-6.219870
8.29e+10	-6.228464
8.30e+10	-6.237054
8.31e+10	-6.245639
8.32e+10	-6.254220
8.33e+10	-6.262796
8.34e+10	-6.271368
8.35e+10	-6.279935
8.36e+10	-6.288499
8.37e+10	-6.297057
8.38e+10	-6.305612
8.39e+10	-6.314161
8.40e+10	-6.322707
8.41e+10	-6.331248
8.42e+10	-6.339784
8.43e+10	-6.348317
8.44e+10	-6.356844
8.45e+10	-6.365368
8.46e+10	-6.373886
8.47e+10	-6.382401
8.48e+10	-6.390911
8.49e+10	-6.399416
8.50e+10	-6.407917
8.51e+10	-6.416414
8.52e+10	-6.424906
8.53e+10	-6.433394
8.54e+10	-6.441877
8.55e+10	-6.450356
8.56e+10	-6.458830
8.57e+10	-6.467300
8.58e+10	-6.475766
8.59e+10	-6.484227
8.60e+10	-6.492683
8.61e+10	-6.501135
8.62e+10	-6.509583
8.63e+10	-6.518026
8.64e+10	-6.526465
8.65e+10	-6.534899
8.66e+10	-6.543329
8.67e+10	-6.551754
8.68e+10	-6.560175
8.69e+10	-6.568591
8.70e+10	-6.577003
8.71e+10	-6.585410
8.72e+10	-6.593813
8.73e+10	-6.602211
8.74e+10	-6.610605
8.75e+10	-6.618995
8.76e+10	-6.627380
8.77e+10	-6.635760
8.78e+10	-6.644136
8.79e+10	-6.652507
8.80e+10	-6.660874
8.81e+10	-6.669237
8.82e+10	-6.677595
8.83e+10	-6.685948
8.84e+10	-6.694297
8.85e+10	-6.702642
8.86e+10	-6.710982
8.87e+10	-6.719318
8.88e+10	-6.727649
8.89e+10	-6.735975
8.90e+10	-6.744297
8.91e+10	-6.752615
8.92e+10	-6.760928
8.93e+10	-6.769237
8.94e+10	-6.777541
8.95e+10	-6.785840
8.96e+10	-6.794135
8.97e+10	-6.802426
8.98e+10	-6.810712
8.99e+10	-6.818994
9.00e+10	-6.827271
9.01e+10	-6.835543
9.02e+10	-6.843811
9.03e+10	-6.852075
9.04e+10	-6.860334
9.05e+10	-6.868589
9.06e+10	-6.876839
9.07e+10	-6.885084
9.08e+10	-6.893325
9.09e+10	-6.901562
9.10e+10	-6.909794
9.11e+10	-6.918021
9.12e+10	-6.926245
9.13e+10	-6.934463
9.14e+10	-6.942677
9.15e+10	-6.950887
9.16e+10	-6.959092
9.17e+10	-6.967292
9.18e+10	-6.975488
9.19e+10	-6.983680
9.20e+10	-6.991867
9.21e+10	-7.000050
9.22e+10	-7.008228
9.23e+10	-7.016401
9.24e+10	-7.024570
9.25e+10	-7.032735
9.26e+10	-7.040895
9.27e+10	-7.049050
9.28e+10	-7.057201
9.29e+10	-7.065348
9.30e+10	-7.073490
9.31e+10	-7.081628
9.32e+10	-7.089761
9.33e+10	-7.097889
9.34e+10	-7.106013
9.35e+10	-7.114133
9.36e+10	-7.122248
9.37e+10	-7.130358
9.38e+10	-7.138464
9.39e+10	-7.146566
9.40e+10	-7.154663
9.41e+10	-7.162756
9.42e+10	-7.170844
9.43e+10	-7.178927
9.44e+10	-7.187006
9.45e+10	-7.195081
9.46e+10	-7.203151
9.47e+10	-7.211217
9.48e+10	-7.219278
9.49e+10	-7.227335
9.50e+10	-7.235387
9.51e+10	-7.243434
9.52e+10	-7.251478
9.53e+10	-7.259516
9.54e+10	-7.267551
9.55e+10	-7.275580
9.56e+10	-7.283606
9.57e+10	-7.291626
9.58e+10	-7.299643
9.59e+10	-7.307655
9.60e+10	-7.315662
9.61e+10	-7.323665
9.62e+10	-7.331663
9.63e+10	-7.339657
9.64e+10	-7.347647
9.65e+10	-7.355631
9.66e+10	-7.363612
9.67e+10	-7.371588
9.68e+10	-7.379560
9.69e+10	-7.387527
9.70e+10	-7.395489
9.71e+10	-7.403447
9.72e+10	-7.411401
9.73e+10	-7.419350
9.74e+10	-7.427295
9.75e+10	-7.435235
9.76e+10	-7.443171
9.77e+10	-7.451103
9.78e+10	-7.459029
9.79e+10	-7.466952
9.80e+10	-7.474870
9.81e+10	-7.482783
9.82e+10	-7.490693
9.83e+10	-7.498597
9.84e+10	-7.506497
9.85e+10	-7.514393
9.86e+10	-7.522284
9.87e+10	-7.530171
9.88e+10	-7.538054
9.89e+10	-7.545932
9.90e+10	-7.553805
9.91e+10	-7.561674
9.92e+10	-7.569539
9.93e+10	-7.577399
9.94e+10	-7.585255
9.95e+10	-7.593106
9.96e+10	-7.600953
9.97e+10	-7.608795
9.98e+10	-7.616633
9.99e+10	-7.624467
1.00e+11	-7.632296
1.00e+11	-7.640121
1.00e+11	-7.647941
1.00e+11	-7.655757
1.00e+11	-7.663569
1.00e+11	-7.671376
1.01e+11	-7.679178
1.01e+11	-7.686977
1.01e+11	-7.694770
1.01e+11	-7.702560
1.01e+11	-7.710345
1.01e+11	-7.718125
1.01e+11	-7.725902
1.01e+11	-7.733673
1.01e+11	-7.741441
1.02e+11	-7.749204
1.02e+11	-7.756962
1.02e+11	-7.764717
1.02e+11	-7.772466
1.02e+11	-7.780212
1.02e+11	-7.787953
1.02e+11	-7.795689
1.02e+11	-7.803421
1.02e+11	-7.811149
1.02e+11	-7.818873
1.02e+11	-7.826592
1.03e+11	-7.834306
1.03e+11	-7.842017
1.03e+11	-7.849723
1.03e+11	-7.857424
1.03e+11	-7.865121
1.03e+11	-7.872814
1.03e+11	-7.880503
1.03e+11	-7.888187
1.03e+11	-7.895866
1.04e+11	-7.903542
1.04e+11	-7.911213
1.04e+11	-7.918879
1.04e+11	-7.926541
1.04e+11	-7.934199
1.04e+11	-7.941853
1.04e+11	-7.949502
1.04e+11	-7.957147
1.04e+11	-7.964787
1.04e+11	-7.972424
1.04e+11	-7.980055
1.05e+11	-7.987683
1.05e+11	-7.995306
1.05e+11	-8.002925
1.05e+11	-8.010539
1.05e+11	-8.018149
1.05e+11	-8.025755
1.05e+11	-8.033357
1.05e+11	-8.040954
1.05e+11	-8.048547
1.06e+11	-8.056135
1.06e+11	-8.063719
1.06e+11	-8.071299
1.06e+11	-8.078875
1.06e+11	-8.086446
1.06e+11	-8.094013
1.06e+11	-8.101575
1.06e+11	-8.109134
1.06e+11	-8.116688
1.06e+11	-8.124237
1.06e+11	-8.131783
1.07e+11	-8.139324
1.07e+11	-8.146861
1.07e+11	-8.154393
1.07e+11	-8.161921
1.07e+11	-8.169445
1.07e+11	-8.176965
1.07e+11	-8.184480
1.07e+11	-8.191991
1.07e+11	-8.199498
1.08e+11	-8.207001
1.08e+11	-8.214499
1.08e+11	-8.221993
1.08e+11	-8.229483
1.08e+11	-8.236968
1.08e+11	-8.244449
1.08e+11	-8.251926
1.08e+11	-8.259399
1.08e+11	-8.266867
1.08e+11	-8.274331
1.08e+11	-8.281791
1.09e+11	-8.289247
1.09e+11	-8.296698
1.09e+11	-8.304145
1.09e+11	-8.311588
1.09e+11	-8.319027
1.09e+11	-8.326461
1.09e+11	-8.333892
1.09e+11	-8.341317
1.09e+11	-8.348739
1.10e+11	-8.356157
1.10e+11	-8.363570
1.10e+11	-8.370979
1.10e+11	-8.378384
1.10e+11	-8.385784
1.10e+11	-8.393181
1.10e+11	-8.400573
1.10e+11	-8.407961
1.10e+11	-8.415345
1.10e+11	-8.422724
1.10e+11	-8.430100
1.11e+11	-8.437471
1.11e+11	-8.444838
1.11e+11	-8.452201
1.11e+11	-8.459559
1.11e+11	-8.466913
1.11e+11	-8.474264
1.11e+11	-8.481610
1.11e+11	-8.488952
1.11e+11	-8.496289
1.12e+11	-8.503623
1.12e+11	-8.510952
1.12e+11	-8.518277
1.12e+11	-8.525598
1.12e+11	-8.532915
1.12e+11	-8.540227
1.12e+11	-8.547536
1.12e+11	-8.554840
1.12e+11	-8.562140
1.12e+11	-8.569436
1.12e+11	-8.576728
1.13e+11	-8.584016
1.13e+11	-8.591299
1.13e+11	-8.598579
1.13e+11	-8.605854
1.13e+11	-8.613125
1.13e+11	-8.620392
1.13e+11	-8.627655
1.13e+11	-8.634914
1.13e+11	-8.642168
1.14e+11	-8.649419
1.14e+11	-8.656665
1.14e+11	-8.663907
1.14e+11	-8.671145
1.14e+11	-8.678379
1.14e+11	-8.685609
1.14e+11	-8.692835
1.14e+11	-8.700057
1.14e+11	-8.707274
1.14e+11	-8.714488
1.14e+11	-8.721697
1.15e+11	-8.728903
1.15e+11	-8.736104
1.15e+11	-8.743301
1.15e+11	-8.750494
1.15e+11	-8.757683
1.15e+11	-8.764868
1.15e+11	-8.772048
1.15e+11	-8.779225
1.15e+11	-8.786398
1.16e+11	-8.793566
1.16e+11	-8.800731
1.16e+11	-8.807891
1.16e+11	-8.815048
1.16e+11	-8.822200
1.16e+11	-8.829348
1.16e+11	-8.836492
1.16e+11	-8.843633
1.16e+11	-8.850769
1.16e+11	-8.857901
1.16e+11	-8.865029
1.17e+11	-8.872153
1.17e+11	-8.879273
1.17e+11	-8.886389
1.17e+11	-8.893500
1.17e+11	-8.900608
1.17e+11	-8.907712
1.17e+11	-8.914812
1.17e+11	-8.921908
1.17e+11	-8.928999
1.18e+11	-8.936087
1.18e+11	-8.943171
1.18e+11	-8.950251
1.18e+11	-8.957326
1.18e+11	-8.964398
1.18e+11	-8.971466
1.18e+11	-8.978530
1.18e+11	-8.985589
1.18e+11	-8.992645
1.18e+11	-8.999697
1.18e+11	-9.006744
1.19e+11	-9.013788
1.19e+11	-9.020828
1.19e+11	-9.027864
1.19e+11	-9.034896
1.19e+11	-9.041924
1.19e+11	-9.048948
1.19e+11	-9.055967
1.19e+11	-9.062983
1.19e+11	-9.069995
1.20e+11	-9.077004
1.20e+11	-9.084008
1.20e+11	-9.091008
1.20e+11	-9.098004
1.20e+11	-9.104996
1.20e+11	-9.111985
1.20e+11	-9.118969
1.20e+11	-9.125949
1.20e+11	-9.132926
1.20e+11	-9.139899
1.20e+11	-9.146867
1.21e+11	-9.153832
1.21e+11	-9.160793
1.21e+11	-9.167750
1.21e+11	-9.174703
1.21e+11	-9.181652
1.21e+11	-9.188597
1.21e+11	-9.195538
1.21e+11	-9.202475
1.21e+11	-9.209409
1.22e+11	-9.216338
1.22e+11	-9.223264
1.22e+11	-9.230186
1.22e+11	-9.237103
1.22e+11	-9.244017
1.22e+11	-9.250927
1.22e+11	-9.257834
1.22e+11	-9.264736
1.22e+11	-9.271634
1.22e+11	-9.278529
1.22e+11	-9.285420
1.23e+11	-9.292307
1.23e+11	-9.299189
1.23e+11	-9.306069
1.23e+11	-9.312944
1.23e+11	-9.319815
1.23e+11	-9.326683
1.23e+11	-9.333546
1.23e+11	-9.340406
1.23e+11	-9.347262
1.24e+11	-9.354114
1.24e+11	-9.360963
1.24e+11	-9.367807
1.24e+11	-9.374648
1.24e+11	-9.381485
1.24e+11	-9.388318
1.24e+11	-9.395147
1.24e+11	-9.401972
1.24e+11	-9.408794
1.24e+11	-9.415611
1.24e+11	-9.422425
1.25e+11	-9.429235
1.25e+11	-9.436042
1.25e+11	-9.442844
1.25e+11	-9.449643
1.25e+11	-9.456438
1.25e+11	-9.463229
1.25e+11	-9.470016
1.25e+11	-9.476799
1.25e+11	-9.483579
1.26e+11	-9.490355
1.26e+11	-9.497127
1.26e+11	-9.503896
1.26e+11	-9.510660
1.26e+11	-9.517421
1.26e+11	-9.524178
1.26e+11	-9.530931
1.26e+11	-9.537681
1.26e+11	-9.544427
1.26e+11	-9.551169
1.26e+11	-9.557907
1.27e+11	-9.564642
1.27e+11	-9.571372
1.27e+11	-9.578099
1.27e+11	-9.584823
1.27e+11	-9.591542
1.27e+11	-9.598258
1.27e+11	-9.604970
1.27e+11	-9.611678
1.27e+11	-9.618383
1.28e+11	-9.625084
1.28e+11	-9.631781
1.28e+11	-9.638475
1.28e+11	-9.645164
1.28e+11	-9.651850
1.28e+11	-9.658533
1.28e+11	-9.665211
1.28e+11	-9.671886
1.28e+11	-9.678557
1.28e+11	-9.685225
1.28e+11	-9.691889
1.29e+11	-9.698549
1.29e+11	-9.705205
1.29e+11	-9.711858
1.29e+11	-9.718507
1.29e+11	-9.725152
1.29e+11	-9.731794
1.29e+11	-9.738432
1.29e+11	-9.745067
1.29e+11	-9.751697
1.30e+11	-9.758324
1.30e+11	-9.764948
1.30e+11	-9.771567
1.30e+11	-9.778183
1.30e+11	-9.784796
1.30e+11	-9.791405
1.30e+11	-9.798010
1.30e+11	-9.804611
1.30e+11	-9.811209
1.30e+11	-9.817803
1.30e+11	-9.824394
1.31e+11	-9.830980
1.31e+11	-9.837564
1.31e+11	-9.844143
1.31e+11	-9.850719
1.31e+11	-9.857292
1.31e+11	-9.863861
1.31e+11	-9.870426
1.31e+11	-9.876987
1.31e+11	-9.883545
1.32e+11	-9.890100
1.32e+11	-9.896650
1.32e+11	-9.903197
1.32e+11	-9.909741
1.32e+11	-9.916281
1.32e+11	-9.922817
1.32e+11	-9.929350
1.32e+11	-9.935879
1.32e+11	-9.942405
1.32e+11	-9.948927
1.32e+11	-9.955445
1.33e+11	-9.961960
1.33e+11	-9.968471
1.33e+11	-9.974979
1.33e+11	-9.981483
1.33e+11	-9.987984
1.33e+11	-9.994481
1.33e+11	-10.000974
1.33e+11	-10.007464
1.33e+11	-10.013950
1.34e+11	-10.020433
1.34e+11	-10.026912
1.34e+11	-10.033388
1.34e+11	-10.039860
1.34e+11	-10.046329
1.34e+11	-10.052794
1.34e+11	-10.059255
1.34e+11	-10.065714
1.34e+11	-10.072168
1.34e+11	-10.078619
1.34e+11	-10.085066
1.35e+11	-10.091510
1.35e+11	-10.097951
1.35e+11	-10.104388
1.35e+11	-10.110821
1.35e+11	-10.117251
1.35e+11	-10.123678
1.35e+11	-10.130100
1.35e+11	-10.136520
1.35e+11	-10.142936
1.36e+11	-10.149348
1.36e+11	-10.155757
1.36e+11	-10.162163
1.36e+11	-10.168565
1.36e+11	-10.174963
1.36e+11	-10.181358
1.36e+11	-10.187750
1.36e+11	-10.194138
1.36e+11	-10.200522
1.36e+11	-10.206903
1.36e+11	-10.213281
1.37e+11	-10.219655
1.37e+11	-10.226026
1.37e+11	-10.232393
1.37e+11	-10.238757
1.37e+11	-10.245118
1.37e+11	-10.251475
1.37e+11	-10.257828
1.37e+11	-10.264178
1.37e+11	-10.270525
1.38e+11	-10.276868
1.38e+11	-10.283208
1.38e+11	-10.289544
1.38e+11	-10.295877
1.38e+11	-10.302207
1.38e+11	-10.308533
1.38e+11	-10.314855
1.38e+11	-10.321175
1.38e+11	-10.327490
1.38e+11	-10.333803
1.38e+11	-10.340112
1.39e+11	-10.346417
1.39e+11	-10.352720
1.39e+11	-10.359019
1.39e+11	-10.365314
1.39e+11	-10.371606
1.39e+11	-10.377895
1.39e+11	-10.384180
1.39e+11	-10.390462
1.39e+11	-10.396740
1.40e+11	-10.403015
1.40e+11	-10.409287
1.40e+11	-10.415556
1.40e+11	-10.421821
1.40e+11	-10.428082
1.40e+11	-10.434341
1.40e+11	-10.440595
1.40e+11	-10.446847
1.40e+11	-10.453095
1.40e+11	-10.459340
1.40e+11	-10.465582
1.41e+11	-10.471820
1.41e+11	-10.478055
1.41e+11	-10.484286
1.41e+11	-10.490514
1.41e+11	-10.496739
1.41e+11	-10.502961
1.41e+11	-10.509179
1.41e+11	-10.515394
1.41e+11	-10.521605
1.42e+11	-10.527813
1.42e+11	-10.534018
1.42e+11	-10.540220
1.42e+11	-10.546418
1.42e+11	-10.552613
1.42e+11	-10.558804
1.42e+11	-10.564993
1.42e+11	-10.571178
1.42e+11	-10.577359
1.42e+11	-10.583538
1.42e+11	-10.589713
1.43e+11	-10.595885
1.43e+11	-10.602053
1.43e+11	-10.608219
1.43e+11	-10.614381
1.43e+11	-10.620539
1.43e+11	-10.626695
1.43e+11	-10.632847
1.43e+11	-10.638996
1.43e+11	-10.645141
1.44e+11	-10.651284
1.44e+11	-10.657423
1.44e+11	-10.663559
1.44e+11	-10.669691
1.44e+11	-10.675821
1.44e+11	-10.681947
1.44e+11	-10.688069
1.44e+11	-10.694189
1.44e+11	-10.700305
1.44e+11	-10.706418
1.44e+11	-10.712528
1.45e+11	-10.718635
1.45e+11	-10.724738
1.45e+11	-10.730838
1.45e+11	-10.736935
1.45e+11	-10.743029
1.45e+11	-10.749120
1.45e+11	-10.755207
1.45e+11	-10.761291
1.45e+11	-10.767372
1.46e+11	-10.773449
1.46e+11	-10.779524
1.46e+11	-10.785595
1.46e+11	-10.791663
1.46e+11	-10.797728
1.46e+11	-10.803789
1.46e+11	-10.809848
1.46e+11	-10.815903
1.46e+11	-10.821955
1.46e+11	-10.828004
1.46e+11	-10.834050
1.47e+11	-10.840092
1.47e+11	-10.846131
1.47e+11	-10.852168
1.47e+11	-10.858200
1.47e+11	-10.864230
1.47e+11	-10.870257
1.47e+11	-10.876280
1.47e+11	-10.882301
1.47e+11	-10.888318
1.48e+11	-10.894332
1.48e+11	-10.900343
1.48e+11	-10.906350
1.48e+11	-10.912355
1.48e+11	-10.918356
1.48e+11	-10.924354
1.48e+11	-10.930350
1.48e+11	-10.936342
1.48e+11	-10.942330
1.48e+11	-10.948316
1.48e+11	-10.954299
1.49e+11	-10.960278
1.49e+11	-10.966254
1.49e+11	-10.972228
1.49e+11	-10.978198
1.49e+11	-10.984165
1.49e+11	-10.990129
1.49e+11	-10.996089
1.49e+11	-11.002047
1.49e+11	-11.008001
1.50e+11	-11.013953
1.50e+11	-11.019901
1.50e+11	-11.025846
1.50e+11	-11.031788
1.50e+11	-11.037728
1.50e+11	-11.043663
1.50e+11	-11.049596
1.50e+11	-11.055526
1.50e+11	-11.061453
1.50e+11	-11.067376
1.50e+11	-11.073297
1.51e+11	-11.079214
1.51e+11	-11.085129
1.51e+11	-11.091040
1.51e+11	-11.096948
1.51e+11	-11.102854
1.51e+11	-11.108756
1.51e+11	-11.114655
1.51e+11	-11.120551
1.51e+11	-11.126444
1.52e+11	-11.132334
1.52e+11	-11.138221
1.52e+11	-11.144104
1.52e+11	-11.149985
1.52e+11	-11.155863
1.52e+11	-11.161738
1.52e+11	-11.167609
1.52e+11	-11.173478
1.52e+11	-11.179343
1.52e+11	-11.185206
1.52e+11	-11.191066
1.53e+11	-11.196922
1.53e+11	-11.202776
1.53e+11	-11.208626
1.53e+11	-11.214474
1.53e+11	-11.220318
1.53e+11	-11.226160
1.53e+11	-11.231998
1.53e+11	-11.237833
1.53e+11	-11.243666
1.54e+11	-11.249495
1.54e+11	-11.255322
1.54e+11	-11.261145
1.54e+11	-11.266966
1.54e+11	-11.272783
1.54e+11	-11.278598
1.54e+11	-11.284409
1.54e+11	-11.290218
1.54e+11	-11.296023
1.54e+11	-11.301826
1.54e+11	-11.307625
1.55e+11	-11.313422
1.55e+11	-11.319216
1.55e+11	-11.325006
1.55e+11	-11.330794
1.55e+11	-11.336579
1.55e+11	-11.342361
1.55e+11	-11.348140
1.55e+11	-11.353915
1.55e+11	-11.359688
1.56e+11	-11.365458
1.56e+11	-11.371226
1.56e+11	-11.376990
1.56e+11	-11.382751
1.56e+11	-11.388509
1.56e+11	-11.394264
1.56e+11	-11.400017
1.56e+11	-11.405766
1.56e+11	-11.411513
1.56e+11	-11.417256
1.56e+11	-11.422997
1.57e+11	-11.428735
1.57e+11	-11.434469
1.57e+11	-11.440201
1.57e+11	-11.445930
1.57e+11	-11.451656
1.57e+11	-11.457380
1.57e+11	-11.463100
1.57e+11	-11.468817
1.57e+11	-11.474532
1.58e+11	-11.480243
1.58e+11	-11.485952
1.58e+11	-11.491658
1.58e+11	-11.497361
1.58e+11	-11.503061
1.58e+11	-11.508758
1.58e+11	-11.514452
1.58e+11	-11.520143
1.58e+11	-11.525832
1.58e+11	-11.531517
1.58e+11	-11.537200
1.59e+11	-11.542880
1.59e+11	-11.548557
1.59e+11	-11.554231
1.59e+11	-11.559902
1.59e+11	-11.565571
1.59e+11	-11.571236
1.59e+11	-11.576899
1.59e+11	-11.582559
1.59e+11	-11.588216
1.60e+11	-11.593870
1.60e+11	-11.599521
1.60e+11	-11.605170
1.60e+11	-11.610815
1.60e+11	-11.616458
1.60e+11	-11.622098
1.60e+11	-11.627735
1.60e+11	-11.633369
1.60e+11	-11.639001
1.60e+11	-11.644629
1.60e+11	-11.650255
1.61e+11	-11.655878
1.61e+11	-11.661498
1.61e+11	-11.667115
1.61e+11	-11.672730
1.61e+11	-11.678342
1.61e+11	-11.683950
1.61e+11	-11.689556
1.61e+11	-11.695160
1.61e+11	-11.700760
1.62e+11	-11.706358
1.62e+11	-11.711953
1.62e+11	-11.717545
1.62e+11	-11.723134
1.62e+11	-11.728721
1.62e+11	-11.734304
1.62e+11	-11.739885
1.62e+11	-11.745463
1.62e+11	-11.751039
1.62e+11	-11.756611
1.62e+11	-11.762181
1.63e+11	-11.767748
1.63e+11	-11.773312
1.63e+11	-11.778874
1.63e+11	-11.784432
1.63e+11	-11.789988
1.63e+11	-11.795541
1.63e+11	-11.801092
1.63e+11	-11.806639
1.63e+11	-11.812184
1.64e+11	-11.817726
1.64e+11	-11.823266
1.64e+11	-11.828802
1.64e+11	-11.834336
1.64e+11	-11.839867
1.64e+11	-11.845396
1.64e+11	-11.850921
1.64e+11	-11.856444
1.64e+11	-11.861965
1.64e+11	-11.867482
1.64e+11	-11.872997
1.65e+11	-11.878509
1.65e+11	-11.884018
1.65e+11	-11.889525
1.65e+11	-11.895028
1.65e+11	-11.900530
1.65e+11	-11.906028
1.65e+11	-11.911524
1.65e+11	-11.917017
1.65e+11	-11.922507
1.66e+11	-11.927994
1.66e+11	-11.933479
1.66e+11	-11.938961
1.66e+11	-11.944441
1.66e+11	-11.949918
1.66e+11	-11.955392
1.66e+11	-11.960863
1.66e+11	-11.966332
1.66e+11	-11.971798
1.66e+11	-11.977261
1.66e+11	-11.982722
1.67e+11	-11.988179
1.67e+11	-11.993635
1.67e+11	-11.999087
1.67e+11	-12.004537
1.67e+11	-12.009984
1.67e+11	-12.015429
1.67e+11	-12.020871
1.67e+11	-12.026310
1.67e+11	-12.031747
1.68e+11	-12.037181
1.68e+11	-12.042612
1.68e+11	-12.048040
1.68e+11	-12.053466
1.68e+11	-12.058890
1.68e+11	-12.064310
1.68e+11	-12.069728
1.68e+11	-12.075143
1.68e+11	-12.080556
1.68e+11	-12.085966
1.68e+11	-12.091374
1.69e+11	-12.096778
1.69e+11	-12.102180
1.69e+11	-12.107580
1.69e+11	-12.112977
1.69e+11	-12.118371
1.69e+11	-12.123763
1.69e+11	-12.129152
1.69e+11	-12.134538
1.69e+11	-12.139922
1.70e+11	-12.145303
1.70e+11	-12.150681
1.70e+11	-12.156057
1.70e+11	-12.161431
1.70e+11	-12.166801
1.70e+11	-12.172169
1.70e+11	-12.177535
1.70e+11	-12.182898
1.70e+11	-12.188258
1.70e+11	-12.193616
1.70e+11	-12.198971
1.71e+11	-12.204323
1.71e+11	-12.209673
1.71e+11	-12.215021
1.71e+11	-12.220365
1.71e+11	-12.225707
1.71e+11	-12.231047
1.71e+11	-12.236384
1.71e+11	-12.241718
1.71e+11	-12.247050
1.72e+11	-12.252379
1.72e+11	-12.257706
1.72e+11	-12.263030
1.72e+11	-12.268352
1.72e+11	-12.273671
1.72e+11	-12.278987
1.72e+11	-12.284301
1.72e+11	-12.289612
1.72e+11	-12.294921
1.72e+11	-12.300227
1.72e+11	-12.305531
1.73e+11	-12.310832
1.73e+11	-12.316131
1.73e+11	-12.321427
1.73e+11	-12.326720
1.73e+11	-12.332011
1.73e+11	-12.337299
1.73e+11	-12.342585
1.73e+11	-12.347869
1.73e+11	-12.353149
1.74e+11	-12.358428
1.74e+11	-12.363703
1.74e+11	-12.368977
1.74e+11	-12.374247
1.74e+11	-12.379515
1.74e+11	-12.384781
1.74e+11	-12.390044
1.74e+11	-12.395305
1.74e+11	-12.400563
1.74e+11	-12.405818
1.74e+11	-12.411071
1.75e+11	-12.416322
1.75e+11	-12.421570
1.75e+11	-12.426816
1.75e+11	-12.432059
1.75e+11	-12.437299
1.75e+11	-12.442537
1.75e+11	-12.447773
1.75e+11	-12.453006
1.75e+11	-12.458237
1.76e+11	-12.463465
1.76e+11	-12.468690
1.76e+11	-12.473913
1.76e+11	-12.479134
1.76e+11	-12.484352
1.76e+11	-12.489568
1.76e+11	-12.494781
1.76e+11	-12.499992
1.76e+11	-12.505200
1.76e+11	-12.510406
1.76e+11	-12.515609
1.77e+11	-12.520810
1.77e+11	-12.526009
1.77e+11	-12.531204
1.77e+11	-12.536398
1.77e+11	-12.541589
1.77e+11	-12.546778
1.77e+11	-12.551964
1.77e+11	-12.557147
1.77e+11	-12.562329
1.78e+11	-12.567507
1.78e+11	-12.572684
1.78e+11	-12.577858
1.78e+11	-12.583029
1.78e+11	-12.588198
1.78e+11	-12.593365
1.78e+11	-12.598529
1.78e+11	-12.603690
1.78e+11	-12.608850
1.78e+11	-12.614007
1.78e+11	-12.619161
1.79e+11	-12.624313
1.79e+11	-12.629463
1.79e+11	-12.634610
1.79e+11	-12.639755
1.79e+11	-12.644897
1.79e+11	-12.650037
1.79e+11	-12.655174
1.79e+11	-12.660309
1.79e+11	-12.665442
1.80e+11	-12.670572
1.80e+11	-12.675700
1.80e+11	-12.680826
1.80e+11	-12.685949
1.80e+11	-12.691069
1.80e+11	-12.696188
1.80e+11	-12.701303
1.80e+11	-12.706417
1.80e+11	-12.711528
1.80e+11	-12.716637
1.80e+11	-12.721743
1.81e+11	-12.726847
1.81e+11	-12.731949
1.81e+11	-12.737048
1.81e+11	-12.742145
1.81e+11	-12.747239
1.81e+11	-12.752331
1.81e+11	-12.757421
1.81e+11	-12.762508
1.81e+11	-12.767593
1.82e+11	-12.772676
1.82e+11	-12.777756
1.82e+11	-12.782834
1.82e+11	-12.787909
1.82e+11	-12.792982
1.82e+11	-12.798053
1.82e+11	-12.803121
1.82e+11	-12.808187
1.82e+11	-12.813251
1.82e+11	-12.818312
1.82e+11	-12.823371
1.83e+11	-12.828428
1.83e+11	-12.833482
1.83e+11	-12.838534
1.83e+11	-12.843584
1.83e+11	-12.848631
1.83e+11	-12.853676
1.83e+11	-12.858719
1.83e+11	-12.863759
1.83e+11	-12.868797
1.84e+11	-12.873833
1.84e+11	-12.878866
1.84e+11	-12.883897
1.84e+11	-12.888926
1.84e+11	-12.893952
1.84e+11	-12.898976
1.84e+11	-12.903998
1.84e+11	-12.909018
1.84e+11	-12.914035
1.84e+11	-12.919049
1.84e+11	-12.924062
1.85e+11	-12.929072
1.85e+11	-12.934080
1.85e+11	-12.939085
1.85e+11	-12.944089
1.85e+11	-12.949090
1.85e+11	-12.954088
1.85e+11	-12.959085
1.85e+11	-12.964079
1.85e+11	-12.969071
1.86e+11	-12.974060
1.86e+11	-12.979047
1.86e+11	-12.984032
1.86e+11	-12.989015
1.86e+11	-12.993995
1.86e+11	-12.998973
1.86e+11	-13.003949
1.86e+11	-13.008923
1.86e+11	-13.013894
1.86e+11	-13.018863
1.86e+11	-13.023830
1.87e+11	-13.028794
1.87e+11	-13.033756
1.87e+11	-13.038716
1.87e+11	-13.043674
1.87e+11	-13.048629
1.87e+11	-13.053582
1.87e+11	-13.058533
1.87e+11	-13.063482
1.87e+11	-13.068428
1.88e+11	-13.073372
1.88e+11	-13.078314
1.88e+11	-13.083254
1.88e+11	-13.088191
1.88e+11	-13.093126
1.88e+11	-13.098059
1.88e+11	-13.102990
1.88e+11	-13.107918
1.88e+11	-13.112844
1.88e+11	-13.117768
1.88e+11	-13.122690
1.89e+11	-13.127609
1.89e+11	-13.132526
1.89e+11	-13.137441
1.89e+11	-13.142354
1.89e+11	-13.147265
1.89e+11	-13.152173
1.89e+11	-13.157079
1.89e+11	-13.161983
1.89e+11	-13.166885
1.90e+11	-13.171784
1.90e+11	-13.176681
1.90e+11	-13.181576
1.90e+11	-13.186469
1.90e+11	-13.191360
1.90e+11	-13.196248
1.90e+11	-13.201134
1.90e+11	-13.206018
1.90e+11	-13.210900
1.90e+11	-13.215780
1.90e+11	-13.220657
1.91e+11	-13.225532
1.91e+11	-13.230405
1.91e+11	-13.235276
1.91e+11	-13.240145
1.91e+11	-13.245011
1.91e+11	-13.249875
1.91e+11	-13.254737
1.91e+11	-13.259597
1.91e+11	-13.264455
1.92e+11	-13.269311
1.92e+11	-13.274164
1.92e+11	-13.279015
1.92e+11	-13.283864
1.92e+11	-13.288711
1.92e+11	-13.293555
1.92e+11	-13.298398
1.92e+11	-13.303238
1.92e+11	-13.308076
1.92e+11	-13.312912
1.92e+11	-13.317746
1.93e+11	-13.322578
1.93e+11	-13.327407
1.93e+11	-13.332235
1.93e+11	-13.337060
1.93e+11	-13.341883
1.93e+11	-13.346704
1.93e+11	-13.351522
1.93e+11	-13.356339
1.93e+11	-13.361153
1.94e+11	-13.365966
1.94e+11	-13.370776
1.94e+11	-13.375584
1.94e+11	-13.380390
1.94e+11	-13.385193
1.94e+11	-13.389995
1.94e+11	-13.394794
1.94e+11	-13.399592
1.94e+11	-13.404387
1.94e+11	-13.409180
1.94e+11	-13.413971
1.95e+11	-13.418760
1.95e+11	-13.423546
1.95e+11	-13.428331
1.95e+11	-13.433113
1.95e+11	-13.437894
1.95e+11	-13.442672
1.95e+11	-13.447448
1.95e+11	-13.452222
1.95e+11	-13.456994
1.96e+11	-13.461763
1.96e+11	-13.466531
1.96e+11	-13.471297
1.96e+11	-13.476060
1.96e+11	-13.480821
1.96e+11	-13.485581
1.96e+11	-13.490338
1.96e+11	-13.495093
1.96e+11	-13.499846
1.96e+11	-13.504596
1.96e+11	-13.509345
1.97e+11	-13.514092
1.97e+11	-13.518836
1.97e+11	-13.523579
1.97e+11	-13.528319
1.97e+11	-13.533057
1.97e+11	-13.537794
1.97e+11	-13.542528
1.97e+11	-13.547260
1.97e+11	-13.551990
1.98e+11	-13.556718
1.98e+11	-13.561443
1.98e+11	-13.566167
1.98e+11	-13.570889
1.98e+11	-13.575608
1.98e+11	-13.580326
1.98e+11	-13.585041
1.98e+11	-13.589755
1.98e+11	-13.594466
1.98e+11	-13.599175
1.98e+11	-13.603883
1.99e+11	-13.608588
1.99e+11	-13.613291
1.99e+11	-13.617992
1.99e+11	-13.622691
1.99e+11	-13.627388
1.99e+11	-13.632083
1.99e+11	-13.636776
1.99e+11	-13.641466
1.99e+11	-13.646155
2.00e+11	-13.650842
2.00e+11	-13.655526
2.00e+11	-13.660209
2.00e+11	-13.664890
2.00e+11	-13.669568
