# Frequency (Hz)	EO Bandwidth (dB)
1.00e+08	-0.000039
2.00e+08	-0.000157
3.00e+08	-0.000353
4.00e+08	-0.000628
5.00e+08	-0.000980
6.00e+08	-0.001412
7.00e+08	-0.001922
8.00e+08	-0.002510
9.00e+08	-0.003176
1.00e+09	-0.003921
1.10e+09	-0.004744
1.20e+09	-0.005645
1.30e+09	-0.006624
1.40e+09	-0.007682
1.50e+09	-0.008817
1.60e+09	-0.010031
1.70e+09	-0.011322
1.80e+09	-0.012692
1.90e+09	-0.014139
2.00e+09	-0.015664
2.10e+09	-0.017267
2.20e+09	-0.018947
2.30e+09	-0.020705
2.40e+09	-0.022541
2.50e+09	-0.024454
2.60e+09	-0.026444
2.70e+09	-0.028511
2.80e+09	-0.030656
2.90e+09	-0.032877
3.00e+09	-0.035176
3.10e+09	-0.037551
3.20e+09	-0.040003
3.30e+09	-0.042531
3.40e+09	-0.045136
3.50e+09	-0.047818
3.60e+09	-0.050575
3.70e+09	-0.053409
3.80e+09	-0.056318
3.90e+09	-0.059304
4.00e+09	-0.062365
4.10e+09	-0.065501
4.20e+09	-0.068713
4.30e+09	-0.072001
4.40e+09	-0.075363
4.50e+09	-0.078800
4.60e+09	-0.082312
4.70e+09	-0.085899
4.80e+09	-0.089561
4.90e+09	-0.093296
5.00e+09	-0.097106
5.10e+09	-0.100990
5.20e+09	-0.104947
5.30e+09	-0.108978
5.40e+09	-0.113083
5.50e+09	-0.117261
5.60e+09	-0.121512
5.70e+09	-0.125835
5.80e+09	-0.130232
5.90e+09	-0.134701
6.00e+09	-0.139242
6.10e+09	-0.143856
6.20e+09	-0.148541
6.30e+09	-0.153298
6.40e+09	-0.158126
6.50e+09	-0.163026
6.60e+09	-0.167997
6.70e+09	-0.173038
6.80e+09	-0.178151
6.90e+09	-0.183333
7.00e+09	-0.188586
7.10e+09	-0.193909
7.20e+09	-0.199301
7.30e+09	-0.204763
7.40e+09	-0.210295
7.50e+09	-0.215895
7.60e+09	-0.221564
7.70e+09	-0.227301
7.80e+09	-0.233107
7.90e+09	-0.238981
8.00e+09	-0.244923
8.10e+09	-0.250932
8.20e+09	-0.257009
8.30e+09	-0.263152
8.40e+09	-0.269363
8.50e+09	-0.275640
8.60e+09	-0.281983
8.70e+09	-0.288392
8.80e+09	-0.294867
8.90e+09	-0.301407
9.00e+09	-0.308013
9.10e+09	-0.314684
9.20e+09	-0.321419
9.30e+09	-0.328219
9.40e+09	-0.335082
9.50e+09	-0.342010
9.60e+09	-0.349001
9.70e+09	-0.356056
9.80e+09	-0.363173
9.90e+09	-0.370353
1.00e+10	-0.377596
1.01e+10	-0.384901
1.02e+10	-0.392268
1.03e+10	-0.399696
1.04e+10	-0.407186
1.05e+10	-0.414736
1.06e+10	-0.422347
1.07e+10	-0.430019
1.08e+10	-0.437751
1.09e+10	-0.445543
1.10e+10	-0.453394
1.11e+10	-0.461304
1.12e+10	-0.469273
1.13e+10	-0.477301
1.14e+10	-0.485387
1.15e+10	-0.493532
1.16e+10	-0.501734
1.17e+10	-0.509993
1.18e+10	-0.518310
1.19e+10	-0.526683
1.20e+10	-0.535113
1.21e+10	-0.543598
1.22e+10	-0.552140
1.23e+10	-0.560738
1.24e+10	-0.569390
1.25e+10	-0.578098
1.26e+10	-0.586860
1.27e+10	-0.595676
1.28e+10	-0.604547
1.29e+10	-0.613471
1.30e+10	-0.622448
1.31e+10	-0.631479
1.32e+10	-0.640562
1.33e+10	-0.649698
1.34e+10	-0.658885
1.35e+10	-0.668125
1.36e+10	-0.677416
1.37e+10	-0.686758
1.38e+10	-0.696151
1.39e+10	-0.705595
1.40e+10	-0.715088
1.41e+10	-0.724632
1.42e+10	-0.734225
1.43e+10	-0.743867
1.44e+10	-0.753558
1.45e+10	-0.763298
1.46e+10	-0.773086
1.47e+10	-0.782922
1.48e+10	-0.792806
1.49e+10	-0.802737
1.50e+10	-0.812715
1.51e+10	-0.822740
1.52e+10	-0.832811
1.53e+10	-0.842928
1.54e+10	-0.853090
1.55e+10	-0.863299
1.56e+10	-0.873552
1.57e+10	-0.883850
1.58e+10	-0.894192
1.59e+10	-0.904579
1.60e+10	-0.915009
1.61e+10	-0.925483
1.62e+10	-0.936000
1.63e+10	-0.946559
1.64e+10	-0.957162
1.65e+10	-0.967806
1.66e+10	-0.978492
1.67e+10	-0.989220
1.68e+10	-0.999990
1.69e+10	-1.010800
1.70e+10	-1.021651
1.71e+10	-1.032542
1.72e+10	-1.043473
1.73e+10	-1.054443
1.74e+10	-1.065454
1.75e+10	-1.076503
1.76e+10	-1.087591
1.77e+10	-1.098717
1.78e+10	-1.109882
1.79e+10	-1.121084
1.80e+10	-1.132324
1.81e+10	-1.143601
1.82e+10	-1.154915
1.83e+10	-1.166265
1.84e+10	-1.177652
1.85e+10	-1.189075
1.86e+10	-1.200533
1.87e+10	-1.212027
1.88e+10	-1.223556
1.89e+10	-1.235119
1.90e+10	-1.246717
1.91e+10	-1.258349
1.92e+10	-1.270015
1.93e+10	-1.281715
1.94e+10	-1.293448
1.95e+10	-1.305214
1.96e+10	-1.317012
1.97e+10	-1.328843
1.98e+10	-1.340706
1.99e+10	-1.352600
2.00e+10	-1.364526
2.01e+10	-1.376484
2.02e+10	-1.388472
2.03e+10	-1.400491
2.04e+10	-1.412540
2.05e+10	-1.424619
2.06e+10	-1.436728
2.07e+10	-1.448866
2.08e+10	-1.461034
2.09e+10	-1.473230
2.10e+10	-1.485455
2.11e+10	-1.497709
2.12e+10	-1.509990
2.13e+10	-1.522299
2.14e+10	-1.534636
2.15e+10	-1.547000
2.16e+10	-1.559390
2.17e+10	-1.571808
2.18e+10	-1.584252
2.19e+10	-1.596721
2.20e+10	-1.609217
2.21e+10	-1.621738
2.22e+10	-1.634285
2.23e+10	-1.646857
2.24e+10	-1.659453
2.25e+10	-1.672074
2.26e+10	-1.684719
2.27e+10	-1.697388
2.28e+10	-1.710081
2.29e+10	-1.722797
2.30e+10	-1.735536
2.31e+10	-1.748299
2.32e+10	-1.761084
2.33e+10	-1.773891
2.34e+10	-1.786721
2.35e+10	-1.799572
2.36e+10	-1.812445
2.37e+10	-1.825340
2.38e+10	-1.838255
2.39e+10	-1.851192
2.40e+10	-1.864149
2.41e+10	-1.877126
2.42e+10	-1.890124
2.43e+10	-1.903142
2.44e+10	-1.916179
2.45e+10	-1.929236
2.46e+10	-1.942312
2.47e+10	-1.955407
2.48e+10	-1.968520
2.49e+10	-1.981652
2.50e+10	-1.994802
2.51e+10	-2.007971
2.52e+10	-2.021157
2.53e+10	-2.034360
2.54e+10	-2.047581
2.55e+10	-2.060819
2.56e+10	-2.074074
2.57e+10	-2.087345
2.58e+10	-2.100633
2.59e+10	-2.113937
2.60e+10	-2.127257
2.61e+10	-2.140593
2.62e+10	-2.153944
2.63e+10	-2.167311
2.64e+10	-2.180692
2.65e+10	-2.194089
2.66e+10	-2.207500
2.67e+10	-2.220926
2.68e+10	-2.234365
2.69e+10	-2.247819
2.70e+10	-2.261287
2.71e+10	-2.274768
2.72e+10	-2.288263
2.73e+10	-2.301770
2.74e+10	-2.315291
2.75e+10	-2.328825
2.76e+10	-2.342371
2.77e+10	-2.355929
2.78e+10	-2.369500
2.79e+10	-2.383082
2.80e+10	-2.396677
2.81e+10	-2.410283
2.82e+10	-2.423900
2.83e+10	-2.437528
2.84e+10	-2.451168
2.85e+10	-2.464818
2.86e+10	-2.478479
2.87e+10	-2.492151
2.88e+10	-2.505832
2.89e+10	-2.519524
2.90e+10	-2.533225
2.91e+10	-2.546937
2.92e+10	-2.560657
2.93e+10	-2.574388
2.94e+10	-2.588127
2.95e+10	-2.601875
2.96e+10	-2.615632
2.97e+10	-2.629398
2.98e+10	-2.643172
2.99e+10	-2.656954
3.00e+10	-2.670744
3.01e+10	-2.684543
3.02e+10	-2.698349
3.03e+10	-2.712162
3.04e+10	-2.725984
3.05e+10	-2.739812
3.06e+10	-2.753647
3.07e+10	-2.767490
3.08e+10	-2.781339
3.09e+10	-2.795194
3.10e+10	-2.809057
3.11e+10	-2.822925
3.12e+10	-2.836800
3.13e+10	-2.850680
3.14e+10	-2.864566
3.15e+10	-2.878458
3.16e+10	-2.892356
3.17e+10	-2.906259
3.18e+10	-2.920167
3.19e+10	-2.934080
3.20e+10	-2.947998
3.21e+10	-2.961920
3.22e+10	-2.975848
3.23e+10	-2.989779
3.24e+10	-3.003715
3.25e+10	-3.017656
3.26e+10	-3.031600
3.27e+10	-3.045548
3.28e+10	-3.059500
3.29e+10	-3.073455
3.30e+10	-3.087414
3.31e+10	-3.101376
3.32e+10	-3.115342
3.33e+10	-3.129310
3.34e+10	-3.143282
3.35e+10	-3.157256
3.36e+10	-3.171233
3.37e+10	-3.185212
3.38e+10	-3.199194
3.39e+10	-3.213178
3.40e+10	-3.227164
3.41e+10	-3.241152
3.42e+10	-3.255142
3.43e+10	-3.269134
3.44e+10	-3.283128
3.45e+10	-3.297123
3.46e+10	-3.311119
3.47e+10	-3.325117
3.48e+10	-3.339115
3.49e+10	-3.353115
3.50e+10	-3.367116
3.51e+10	-3.381117
3.52e+10	-3.395120
3.53e+10	-3.409122
3.54e+10	-3.423126
3.55e+10	-3.437129
3.56e+10	-3.451133
3.57e+10	-3.465137
3.58e+10	-3.479141
3.59e+10	-3.493145
3.60e+10	-3.507148
3.61e+10	-3.521151
3.62e+10	-3.535154
3.63e+10	-3.549157
3.64e+10	-3.563158
3.65e+10	-3.577159
3.66e+10	-3.591159
3.67e+10	-3.605158
3.68e+10	-3.619156
3.69e+10	-3.633153
3.70e+10	-3.647149
3.71e+10	-3.661143
3.72e+10	-3.675136
3.73e+10	-3.689128
3.74e+10	-3.703117
3.75e+10	-3.717105
3.76e+10	-3.731091
3.77e+10	-3.745076
3.78e+10	-3.759058
3.79e+10	-3.773038
3.80e+10	-3.787016
3.81e+10	-3.800992
3.82e+10	-3.814965
3.83e+10	-3.828936
3.84e+10	-3.842904
3.85e+10	-3.856869
3.86e+10	-3.870832
3.87e+10	-3.884792
3.88e+10	-3.898749
3.89e+10	-3.912704
3.90e+10	-3.926655
3.91e+10	-3.940603
3.92e+10	-3.954547
3.93e+10	-3.968489
3.94e+10	-3.982427
3.95e+10	-3.996361
3.96e+10	-4.010292
3.97e+10	-4.024219
3.98e+10	-4.038143
3.99e+10	-4.052063
4.00e+10	-4.065979
4.01e+10	-4.079891
4.02e+10	-4.093799
4.03e+10	-4.107703
4.04e+10	-4.121603
4.05e+10	-4.135498
4.06e+10	-4.149390
4.07e+10	-4.163277
4.08e+10	-4.177159
4.09e+10	-4.191037
4.10e+10	-4.204910
4.11e+10	-4.218779
4.12e+10	-4.232643
4.13e+10	-4.246502
4.14e+10	-4.260357
4.15e+10	-4.274206
4.16e+10	-4.288051
4.17e+10	-4.301890
4.18e+10	-4.315724
4.19e+10	-4.329553
4.20e+10	-4.343377
4.21e+10	-4.357196
4.22e+10	-4.371009
4.23e+10	-4.384817
4.24e+10	-4.398619
4.25e+10	-4.412416
4.26e+10	-4.426207
4.27e+10	-4.439993
4.28e+10	-4.453773
4.29e+10	-4.467547
4.30e+10	-4.481315
4.31e+10	-4.495077
4.32e+10	-4.508834
4.33e+10	-4.522584
4.34e+10	-4.536329
4.35e+10	-4.550067
4.36e+10	-4.563799
4.37e+10	-4.577525
4.38e+10	-4.591245
4.39e+10	-4.604958
4.40e+10	-4.618665
4.41e+10	-4.632365
4.42e+10	-4.646059
4.43e+10	-4.659747
4.44e+10	-4.673428
4.45e+10	-4.687102
4.46e+10	-4.700770
4.47e+10	-4.714431
4.48e+10	-4.728086
4.49e+10	-4.741733
4.50e+10	-4.755374
4.51e+10	-4.769007
4.52e+10	-4.782634
4.53e+10	-4.796254
4.54e+10	-4.809867
4.55e+10	-4.823473
4.56e+10	-4.837071
4.57e+10	-4.850663
4.58e+10	-4.864247
4.59e+10	-4.877824
4.60e+10	-4.891394
4.61e+10	-4.904956
4.62e+10	-4.918512
4.63e+10	-4.932059
4.64e+10	-4.945600
4.65e+10	-4.959132
4.66e+10	-4.972658
4.67e+10	-4.986175
4.68e+10	-4.999686
4.69e+10	-5.013188
4.70e+10	-5.026683
4.71e+10	-5.040170
4.72e+10	-5.053650
4.73e+10	-5.067121
4.74e+10	-5.080585
4.75e+10	-5.094041
4.76e+10	-5.107489
4.77e+10	-5.120930
4.78e+10	-5.134362
4.79e+10	-5.147786
4.80e+10	-5.161203
4.81e+10	-5.174611
4.82e+10	-5.188011
4.83e+10	-5.201403
4.84e+10	-5.214787
4.85e+10	-5.228163
4.86e+10	-5.241531
4.87e+10	-5.254890
4.88e+10	-5.268242
4.89e+10	-5.281584
4.90e+10	-5.294919
4.91e+10	-5.308245
4.92e+10	-5.321563
4.93e+10	-5.334873
4.94e+10	-5.348174
4.95e+10	-5.361467
4.96e+10	-5.374751
4.97e+10	-5.388026
4.98e+10	-5.401294
4.99e+10	-5.414552
5.00e+10	-5.427802
5.01e+10	-5.441044
5.02e+10	-5.454277
5.03e+10	-5.467501
5.04e+10	-5.480716
5.05e+10	-5.493923
5.06e+10	-5.507121
5.07e+10	-5.520310
5.08e+10	-5.533491
5.09e+10	-5.546663
5.10e+10	-5.559826
5.11e+10	-5.572980
5.12e+10	-5.586125
5.13e+10	-5.599262
5.14e+10	-5.612389
5.15e+10	-5.625508
5.16e+10	-5.638618
5.17e+10	-5.651718
5.18e+10	-5.664810
5.19e+10	-5.677893
5.20e+10	-5.690967
5.21e+10	-5.704032
5.22e+10	-5.717087
5.23e+10	-5.730134
5.24e+10	-5.743172
5.25e+10	-5.756200
5.26e+10	-5.769219
5.27e+10	-5.782230
5.28e+10	-5.795231
5.29e+10	-5.808223
5.30e+10	-5.821205
5.31e+10	-5.834179
5.32e+10	-5.847143
5.33e+10	-5.860098
5.34e+10	-5.873044
5.35e+10	-5.885981
5.36e+10	-5.898908
5.37e+10	-5.911826
5.38e+10	-5.924735
5.39e+10	-5.937634
5.40e+10	-5.950524
5.41e+10	-5.963405
5.42e+10	-5.976276
5.43e+10	-5.989138
5.44e+10	-6.001991
5.45e+10	-6.014834
5.46e+10	-6.027668
5.47e+10	-6.040492
5.48e+10	-6.053307
5.49e+10	-6.066112
5.50e+10	-6.078909
5.51e+10	-6.091695
5.52e+10	-6.104472
5.53e+10	-6.117240
5.54e+10	-6.129998
5.55e+10	-6.142746
5.56e+10	-6.155486
5.57e+10	-6.168215
5.58e+10	-6.180935
5.59e+10	-6.193646
5.60e+10	-6.206346
5.61e+10	-6.219038
5.62e+10	-6.231720
5.63e+10	-6.244392
5.64e+10	-6.257054
5.65e+10	-6.269707
5.66e+10	-6.282351
5.67e+10	-6.294984
5.68e+10	-6.307609
5.69e+10	-6.320223
5.70e+10	-6.332828
5.71e+10	-6.345423
5.72e+10	-6.358009
5.73e+10	-6.370585
5.74e+10	-6.383151
5.75e+10	-6.395707
5.76e+10	-6.408254
5.77e+10	-6.420792
5.78e+10	-6.433319
5.79e+10	-6.445837
5.80e+10	-6.458345
5.81e+10	-6.470843
5.82e+10	-6.483332
5.83e+10	-6.495811
5.84e+10	-6.508280
5.85e+10	-6.520740
5.86e+10	-6.533189
5.87e+10	-6.545629
5.88e+10	-6.558060
5.89e+10	-6.570480
5.90e+10	-6.582891
5.91e+10	-6.595292
5.92e+10	-6.607683
5.93e+10	-6.620065
5.94e+10	-6.632437
5.95e+10	-6.644799
5.96e+10	-6.657151
5.97e+10	-6.669493
5.98e+10	-6.681826
5.99e+10	-6.694149
6.00e+10	-6.706462
6.01e+10	-6.718765
6.02e+10	-6.731059
6.03e+10	-6.743343
6.04e+10	-6.755617
6.05e+10	-6.767881
6.06e+10	-6.780135
6.07e+10	-6.792380
6.08e+10	-6.804614
6.09e+10	-6.816839
6.10e+10	-6.829055
6.11e+10	-6.841260
6.12e+10	-6.853455
6.13e+10	-6.865641
6.14e+10	-6.877817
6.15e+10	-6.889983
6.16e+10	-6.902140
6.17e+10	-6.914286
6.18e+10	-6.926423
6.19e+10	-6.938550
6.20e+10	-6.950667
6.21e+10	-6.962774
6.22e+10	-6.974872
6.23e+10	-6.986960
6.24e+10	-6.999037
6.25e+10	-7.011106
6.26e+10	-7.023164
6.27e+10	-7.035212
6.28e+10	-7.047251
6.29e+10	-7.059280
6.30e+10	-7.071299
6.31e+10	-7.083308
6.32e+10	-7.095308
6.33e+10	-7.107298
6.34e+10	-7.119277
6.35e+10	-7.131248
6.36e+10	-7.143208
6.37e+10	-7.155158
6.38e+10	-7.167099
6.39e+10	-7.179030
6.40e+10	-7.190951
6.41e+10	-7.202863
6.42e+10	-7.214764
6.43e+10	-7.226656
6.44e+10	-7.238538
6.45e+10	-7.250411
6.46e+10	-7.262273
6.47e+10	-7.274126
6.48e+10	-7.285969
6.49e+10	-7.297802
6.50e+10	-7.309626
6.51e+10	-7.321440
6.52e+10	-7.333243
6.53e+10	-7.345038
6.54e+10	-7.356822
6.55e+10	-7.368597
6.56e+10	-7.380362
6.57e+10	-7.392117
6.58e+10	-7.403863
6.59e+10	-7.415599
6.60e+10	-7.427325
6.61e+10	-7.439041
6.62e+10	-7.450748
6.63e+10	-7.462445
6.64e+10	-7.474132
6.65e+10	-7.485810
6.66e+10	-7.497478
6.67e+10	-7.509136
6.68e+10	-7.520784
6.69e+10	-7.532423
6.70e+10	-7.544052
6.71e+10	-7.555672
6.72e+10	-7.567281
6.73e+10	-7.578882
6.74e+10	-7.590472
6.75e+10	-7.602053
6.76e+10	-7.613624
6.77e+10	-7.625185
6.78e+10	-7.636737
6.79e+10	-7.648280
6.80e+10	-7.659812
6.81e+10	-7.671335
6.82e+10	-7.682848
6.83e+10	-7.694352
6.84e+10	-7.705846
6.85e+10	-7.717331
6.86e+10	-7.728806
6.87e+10	-7.740271
6.88e+10	-7.751727
6.89e+10	-7.763173
6.90e+10	-7.774610
6.91e+10	-7.786037
6.92e+10	-7.797454
6.93e+10	-7.808862
6.94e+10	-7.820260
6.95e+10	-7.831649
6.96e+10	-7.843028
6.97e+10	-7.854398
6.98e+10	-7.865758
6.99e+10	-7.877109
7.00e+10	-7.888450
7.01e+10	-7.899782
7.02e+10	-7.911104
7.03e+10	-7.922417
7.04e+10	-7.933720
7.05e+10	-7.945013
7.06e+10	-7.956298
7.07e+10	-7.967572
7.08e+10	-7.978838
7.09e+10	-7.990093
7.10e+10	-8.001340
7.11e+10	-8.012577
7.12e+10	-8.023804
7.13e+10	-8.035022
7.14e+10	-8.046231
7.15e+10	-8.057430
7.16e+10	-8.068620
7.17e+10	-8.079800
7.18e+10	-8.090972
7.19e+10	-8.102133
7.20e+10	-8.113285
7.21e+10	-8.124428
7.22e+10	-8.135562
7.23e+10	-8.146686
7.24e+10	-8.157801
7.25e+10	-8.168906
7.26e+10	-8.180003
7.27e+10	-8.191089
7.28e+10	-8.202167
7.29e+10	-8.213235
7.30e+10	-8.224294
7.31e+10	-8.235344
7.32e+10	-8.246384
7.33e+10	-8.257415
7.34e+10	-8.268437
7.35e+10	-8.279449
7.36e+10	-8.290452
7.37e+10	-8.301446
7.38e+10	-8.312431
7.39e+10	-8.323407
7.40e+10	-8.334373
7.41e+10	-8.345330
7.42e+10	-8.356278
7.43e+10	-8.367217
7.44e+10	-8.378146
7.45e+10	-8.389066
7.46e+10	-8.399977
7.47e+10	-8.410879
7.48e+10	-8.421772
7.49e+10	-8.432656
7.50e+10	-8.443530
7.51e+10	-8.454395
7.52e+10	-8.465252
7.53e+10	-8.476099
7.54e+10	-8.486937
7.55e+10	-8.497765
7.56e+10	-8.508585
7.57e+10	-8.519396
7.58e+10	-8.530197
7.59e+10	-8.540990
7.60e+10	-8.551773
7.61e+10	-8.562548
7.62e+10	-8.573313
7.63e+10	-8.584070
7.64e+10	-8.594817
7.65e+10	-8.605555
7.66e+10	-8.616284
7.67e+10	-8.627005
7.68e+10	-8.637716
7.69e+10	-8.648418
7.70e+10	-8.659111
7.71e+10	-8.669796
7.72e+10	-8.680471
7.73e+10	-8.691138
7.74e+10	-8.701795
7.75e+10	-8.712444
7.76e+10	-8.723083
7.77e+10	-8.733714
7.78e+10	-8.744336
7.79e+10	-8.754949
7.80e+10	-8.765553
7.81e+10	-8.776148
7.82e+10	-8.786734
7.83e+10	-8.797311
7.84e+10	-8.807880
7.85e+10	-8.818440
7.86e+10	-8.828990
7.87e+10	-8.839532
7.88e+10	-8.850066
7.89e+10	-8.860590
7.90e+10	-8.871106
7.91e+10	-8.881612
7.92e+10	-8.892110
7.93e+10	-8.902600
7.94e+10	-8.913080
7.95e+10	-8.923552
7.96e+10	-8.934015
7.97e+10	-8.944469
7.98e+10	-8.954915
7.99e+10	-8.965351
8.00e+10	-8.975779
8.01e+10	-8.986199
8.02e+10	-8.996610
8.03e+10	-9.007012
8.04e+10	-9.017405
8.05e+10	-9.027790
8.06e+10	-9.038166
8.07e+10	-9.048533
8.08e+10	-9.058892
8.09e+10	-9.069242
8.10e+10	-9.079583
8.11e+10	-9.089916
8.12e+10	-9.100240
8.13e+10	-9.110556
8.14e+10	-9.120863
8.15e+10	-9.131162
8.16e+10	-9.141452
8.17e+10	-9.151733
8.18e+10	-9.162006
8.19e+10	-9.172270
8.20e+10	-9.182526
8.21e+10	-9.192773
8.22e+10	-9.203012
8.23e+10	-9.213242
8.24e+10	-9.223464
8.25e+10	-9.233678
8.26e+10	-9.243882
8.27e+10	-9.254079
8.28e+10	-9.264267
8.29e+10	-9.274446
8.30e+10	-9.284617
8.31e+10	-9.294780
8.32e+10	-9.304934
8.33e+10	-9.315080
8.34e+10	-9.325217
8.35e+10	-9.335346
8.36e+10	-9.345467
8.37e+10	-9.355579
8.38e+10	-9.365683
8.39e+10	-9.375779
8.40e+10	-9.385866
8.41e+10	-9.395945
8.42e+10	-9.406015
8.43e+10	-9.416078
8.44e+10	-9.426132
8.45e+10	-9.436177
8.46e+10	-9.446215
8.47e+10	-9.456244
8.48e+10	-9.466265
8.49e+10	-9.476277
8.50e+10	-9.486282
8.51e+10	-9.496278
8.52e+10	-9.506266
8.53e+10	-9.516245
8.54e+10	-9.526217
8.55e+10	-9.536180
8.56e+10	-9.546135
8.57e+10	-9.556082
8.58e+10	-9.566021
8.59e+10	-9.575951
8.60e+10	-9.585874
8.61e+10	-9.595788
8.62e+10	-9.605694
8.63e+10	-9.615592
8.64e+10	-9.625482
8.65e+10	-9.635364
8.66e+10	-9.645238
8.67e+10	-9.655103
8.68e+10	-9.664961
8.69e+10	-9.674810
8.70e+10	-9.684652
8.71e+10	-9.694485
8.72e+10	-9.704311
8.73e+10	-9.714128
8.74e+10	-9.723937
8.75e+10	-9.733739
8.76e+10	-9.743532
8.77e+10	-9.753317
8.78e+10	-9.763094
8.79e+10	-9.772864
8.80e+10	-9.782625
8.81e+10	-9.792379
8.82e+10	-9.802124
8.83e+10	-9.811862
8.84e+10	-9.821591
8.85e+10	-9.831313
8.86e+10	-9.841027
8.87e+10	-9.850733
8.88e+10	-9.860431
8.89e+10	-9.870121
8.90e+10	-9.879803
8.91e+10	-9.889477
8.92e+10	-9.899144
8.93e+10	-9.908803
8.94e+10	-9.918454
8.95e+10	-9.928097
8.96e+10	-9.937732
8.97e+10	-9.947359
8.98e+10	-9.956979
8.99e+10	-9.966591
9.00e+10	-9.976195
9.01e+10	-9.985791
9.02e+10	-9.995380
9.03e+10	-10.004961
9.04e+10	-10.014534
9.05e+10	-10.024099
9.06e+10	-10.033657
9.07e+10	-10.043207
9.08e+10	-10.052749
9.09e+10	-10.062284
9.10e+10	-10.071810
9.11e+10	-10.081330
9.12e+10	-10.090841
9.13e+10	-10.100345
9.14e+10	-10.109841
9.15e+10	-10.119330
9.16e+10	-10.128811
9.17e+10	-10.138284
9.18e+10	-10.147750
9.19e+10	-10.157208
9.20e+10	-10.166658
9.21e+10	-10.176101
9.22e+10	-10.185537
9.23e+10	-10.194965
9.24e+10	-10.204385
9.25e+10	-10.213798
9.26e+10	-10.223203
9.27e+10	-10.232601
9.28e+10	-10.241991
9.29e+10	-10.251373
9.30e+10	-10.260749
9.31e+10	-10.270116
9.32e+10	-10.279476
9.33e+10	-10.288829
9.34e+10	-10.298174
9.35e+10	-10.307512
9.36e+10	-10.316843
9.37e+10	-10.326165
9.38e+10	-10.335481
9.39e+10	-10.344789
9.40e+10	-10.354090
9.41e+10	-10.363383
9.42e+10	-10.372669
9.43e+10	-10.381948
9.44e+10	-10.391219
9.45e+10	-10.400482
9.46e+10	-10.409739
9.47e+10	-10.418988
9.48e+10	-10.428230
9.49e+10	-10.437464
9.50e+10	-10.446691
9.51e+10	-10.455911
9.52e+10	-10.465124
9.53e+10	-10.474329
9.54e+10	-10.483527
9.55e+10	-10.492718
9.56e+10	-10.501901
9.57e+10	-10.511077
9.58e+10	-10.520246
9.59e+10	-10.529408
9.60e+10	-10.538562
9.61e+10	-10.547710
9.62e+10	-10.556850
9.63e+10	-10.565983
9.64e+10	-10.575108
9.65e+10	-10.584227
9.66e+10	-10.593338
9.67e+10	-10.602442
9.68e+10	-10.611539
9.69e+10	-10.620629
9.70e+10	-10.629712
9.71e+10	-10.638788
9.72e+10	-10.647856
9.73e+10	-10.656917
9.74e+10	-10.665972
9.75e+10	-10.675019
9.76e+10	-10.684059
9.77e+10	-10.693092
9.78e+10	-10.702118
9.79e+10	-10.711137
9.80e+10	-10.720149
9.81e+10	-10.729154
9.82e+10	-10.738151
9.83e+10	-10.747142
9.84e+10	-10.756126
9.85e+10	-10.765103
9.86e+10	-10.774073
9.87e+10	-10.783035
9.88e+10	-10.791991
9.89e+10	-10.800940
9.90e+10	-10.809882
9.91e+10	-10.818817
9.92e+10	-10.827745
9.93e+10	-10.836666
9.94e+10	-10.845580
9.95e+10	-10.854487
9.96e+10	-10.863388
9.97e+10	-10.872281
9.98e+10	-10.881168
9.99e+10	-10.890047
1.00e+11	-10.898920
1.00e+11	-10.907786
1.00e+11	-10.916645
1.00e+11	-10.925497
1.00e+11	-10.934343
1.00e+11	-10.943181
1.01e+11	-10.952013
1.01e+11	-10.960838
1.01e+11	-10.969656
1.01e+11	-10.978467
1.01e+11	-10.987272
1.01e+11	-10.996069
1.01e+11	-11.004860
1.01e+11	-11.013645
1.01e+11	-11.022422
1.02e+11	-11.031193
1.02e+11	-11.039957
1.02e+11	-11.048714
1.02e+11	-11.057465
1.02e+11	-11.066208
1.02e+11	-11.074945
1.02e+11	-11.083676
1.02e+11	-11.092400
1.02e+11	-11.101117
1.02e+11	-11.109827
1.02e+11	-11.118531
1.03e+11	-11.127228
1.03e+11	-11.135918
1.03e+11	-11.144602
1.03e+11	-11.153279
1.03e+11	-11.161950
1.03e+11	-11.170614
1.03e+11	-11.179271
1.03e+11	-11.187922
1.03e+11	-11.196566
1.04e+11	-11.205204
1.04e+11	-11.213835
1.04e+11	-11.222459
1.04e+11	-11.231077
1.04e+11	-11.239689
1.04e+11	-11.248294
1.04e+11	-11.256892
1.04e+11	-11.265484
1.04e+11	-11.274069
1.04e+11	-11.282648
1.04e+11	-11.291220
1.05e+11	-11.299786
1.05e+11	-11.308345
1.05e+11	-11.316898
1.05e+11	-11.325444
1.05e+11	-11.333984
1.05e+11	-11.342518
1.05e+11	-11.351045
1.05e+11	-11.359566
1.05e+11	-11.368080
1.06e+11	-11.376588
1.06e+11	-11.385089
1.06e+11	-11.393584
1.06e+11	-11.402073
1.06e+11	-11.410555
1.06e+11	-11.419031
1.06e+11	-11.427500
1.06e+11	-11.435963
1.06e+11	-11.444420
1.06e+11	-11.452871
1.06e+11	-11.461315
1.07e+11	-11.469753
1.07e+11	-11.478184
1.07e+11	-11.486609
1.07e+11	-11.495028
1.07e+11	-11.503441
1.07e+11	-11.511847
1.07e+11	-11.520247
1.07e+11	-11.528641
1.07e+11	-11.537028
1.08e+11	-11.545410
1.08e+11	-11.553785
1.08e+11	-11.562153
1.08e+11	-11.570516
1.08e+11	-11.578872
1.08e+11	-11.587222
1.08e+11	-11.595566
1.08e+11	-11.603904
1.08e+11	-11.612235
1.08e+11	-11.620561
1.08e+11	-11.628880
1.09e+11	-11.637193
1.09e+11	-11.645500
1.09e+11	-11.653800
1.09e+11	-11.662095
1.09e+11	-11.670383
1.09e+11	-11.678665
1.09e+11	-11.686942
1.09e+11	-11.695212
1.09e+11	-11.703475
1.10e+11	-11.711733
1.10e+11	-11.719985
1.10e+11	-11.728231
1.10e+11	-11.736470
1.10e+11	-11.744704
1.10e+11	-11.752931
1.10e+11	-11.761153
1.10e+11	-11.769368
1.10e+11	-11.777577
1.10e+11	-11.785781
1.10e+11	-11.793978
1.11e+11	-11.802169
1.11e+11	-11.810354
1.11e+11	-11.818534
1.11e+11	-11.826707
1.11e+11	-11.834874
1.11e+11	-11.843035
1.11e+11	-11.851191
1.11e+11	-11.859340
1.11e+11	-11.867484
1.12e+11	-11.875621
1.12e+11	-11.883753
1.12e+11	-11.891878
1.12e+11	-11.899998
1.12e+11	-11.908112
1.12e+11	-11.916220
1.12e+11	-11.924321
1.12e+11	-11.932418
1.12e+11	-11.940508
1.12e+11	-11.948592
1.12e+11	-11.956670
1.13e+11	-11.964743
1.13e+11	-11.972810
1.13e+11	-11.980871
1.13e+11	-11.988926
1.13e+11	-11.996975
1.13e+11	-12.005018
1.13e+11	-12.013056
1.13e+11	-12.021087
1.13e+11	-12.029113
1.14e+11	-12.037133
1.14e+11	-12.045148
1.14e+11	-12.053156
1.14e+11	-12.061159
1.14e+11	-12.069156
1.14e+11	-12.077147
1.14e+11	-12.085133
1.14e+11	-12.093112
1.14e+11	-12.101086
1.14e+11	-12.109055
1.14e+11	-12.117017
1.15e+11	-12.124974
1.15e+11	-12.132925
1.15e+11	-12.140870
1.15e+11	-12.148810
1.15e+11	-12.156744
1.15e+11	-12.164672
1.15e+11	-12.172595
1.15e+11	-12.180512
1.15e+11	-12.188423
1.16e+11	-12.196329
1.16e+11	-12.204229
1.16e+11	-12.212123
1.16e+11	-12.220012
1.16e+11	-12.227895
1.16e+11	-12.235772
1.16e+11	-12.243644
1.16e+11	-12.251510
1.16e+11	-12.259371
1.16e+11	-12.267226
1.16e+11	-12.275076
1.17e+11	-12.282920
1.17e+11	-12.290758
1.17e+11	-12.298591
1.17e+11	-12.306418
1.17e+11	-12.314239
1.17e+11	-12.322056
1.17e+11	-12.329866
1.17e+11	-12.337671
1.17e+11	-12.345471
1.18e+11	-12.353265
1.18e+11	-12.361053
1.18e+11	-12.368836
1.18e+11	-12.376614
1.18e+11	-12.384386
1.18e+11	-12.392152
1.18e+11	-12.399913
1.18e+11	-12.407669
1.18e+11	-12.415419
1.18e+11	-12.423163
1.18e+11	-12.430903
1.19e+11	-12.438636
1.19e+11	-12.446365
1.19e+11	-12.454088
1.19e+11	-12.461805
1.19e+11	-12.469517
1.19e+11	-12.477224
1.19e+11	-12.484925
1.19e+11	-12.492621
1.19e+11	-12.500311
1.20e+11	-12.507997
1.20e+11	-12.515676
1.20e+11	-12.523351
1.20e+11	-12.531020
1.20e+11	-12.538683
1.20e+11	-12.546341
1.20e+11	-12.553994
1.20e+11	-12.561642
1.20e+11	-12.569284
1.20e+11	-12.576921
1.20e+11	-12.584553
1.21e+11	-12.592179
1.21e+11	-12.599800
1.21e+11	-12.607416
1.21e+11	-12.615026
1.21e+11	-12.622631
1.21e+11	-12.630231
1.21e+11	-12.637826
1.21e+11	-12.645415
1.21e+11	-12.652999
1.22e+11	-12.660578
1.22e+11	-12.668152
1.22e+11	-12.675720
1.22e+11	-12.683283
1.22e+11	-12.690841
1.22e+11	-12.698394
1.22e+11	-12.705941
1.22e+11	-12.713484
1.22e+11	-12.721021
1.22e+11	-12.728552
1.22e+11	-12.736079
1.23e+11	-12.743601
1.23e+11	-12.751117
1.23e+11	-12.758628
1.23e+11	-12.766134
1.23e+11	-12.773635
1.23e+11	-12.781131
1.23e+11	-12.788621
1.23e+11	-12.796107
1.23e+11	-12.803587
1.24e+11	-12.811062
1.24e+11	-12.818532
1.24e+11	-12.825997
1.24e+11	-12.833457
1.24e+11	-12.840912
1.24e+11	-12.848361
1.24e+11	-12.855806
1.24e+11	-12.863245
1.24e+11	-12.870680
1.24e+11	-12.878109
1.24e+11	-12.885533
1.25e+11	-12.892952
1.25e+11	-12.900367
1.25e+11	-12.907776
1.25e+11	-12.915180
1.25e+11	-12.922579
1.25e+11	-12.929973
1.25e+11	-12.937362
1.25e+11	-12.944746
1.25e+11	-12.952125
1.26e+11	-12.959499
1.26e+11	-12.966868
1.26e+11	-12.974232
1.26e+11	-12.981591
1.26e+11	-12.988945
1.26e+11	-12.996294
1.26e+11	-13.003638
1.26e+11	-13.010977
1.26e+11	-13.018311
1.26e+11	-13.025641
1.26e+11	-13.032965
1.27e+11	-13.040284
1.27e+11	-13.047599
1.27e+11	-13.054908
1.27e+11	-13.062213
1.27e+11	-13.069513
1.27e+11	-13.076808
1.27e+11	-13.084098
1.27e+11	-13.091383
1.27e+11	-13.098663
1.28e+11	-13.105938
1.28e+11	-13.113208
1.28e+11	-13.120474
1.28e+11	-13.127734
1.28e+11	-13.134990
1.28e+11	-13.142241
1.28e+11	-13.149487
1.28e+11	-13.156729
1.28e+11	-13.163965
1.28e+11	-13.171197
1.28e+11	-13.178423
1.29e+11	-13.185645
1.29e+11	-13.192862
1.29e+11	-13.200075
1.29e+11	-13.207282
1.29e+11	-13.214485
1.29e+11	-13.221683
1.29e+11	-13.228876
1.29e+11	-13.236065
1.29e+11	-13.243248
1.30e+11	-13.250427
1.30e+11	-13.257601
1.30e+11	-13.264770
1.30e+11	-13.271935
1.30e+11	-13.279095
1.30e+11	-13.286250
1.30e+11	-13.293400
1.30e+11	-13.300546
1.30e+11	-13.307687
1.30e+11	-13.314823
1.30e+11	-13.321955
1.31e+11	-13.329082
1.31e+11	-13.336204
1.31e+11	-13.343321
1.31e+11	-13.350434
1.31e+11	-13.357542
1.31e+11	-13.364646
1.31e+11	-13.371744
1.31e+11	-13.378838
1.31e+11	-13.385928
1.32e+11	-13.393013
1.32e+11	-13.400093
1.32e+11	-13.407168
1.32e+11	-13.414239
1.32e+11	-13.421305
1.32e+11	-13.428367
1.32e+11	-13.435424
1.32e+11	-13.442476
1.32e+11	-13.449524
1.32e+11	-13.456567
1.32e+11	-13.463606
1.33e+11	-13.470640
1.33e+11	-13.477669
1.33e+11	-13.484694
1.33e+11	-13.491714
1.33e+11	-13.498730
1.33e+11	-13.505741
1.33e+11	-13.512747
1.33e+11	-13.519749
1.33e+11	-13.526747
1.34e+11	-13.533739
1.34e+11	-13.540728
1.34e+11	-13.547712
1.34e+11	-13.554691
1.34e+11	-13.561666
1.34e+11	-13.568636
1.34e+11	-13.575602
1.34e+11	-13.582563
1.34e+11	-13.589520
1.34e+11	-13.596472
1.34e+11	-13.603420
1.35e+11	-13.610363
1.35e+11	-13.617302
1.35e+11	-13.624236
1.35e+11	-13.631166
1.35e+11	-13.638091
1.35e+11	-13.645012
1.35e+11	-13.651929
1.35e+11	-13.658841
1.35e+11	-13.665748
1.36e+11	-13.672651
1.36e+11	-13.679550
1.36e+11	-13.686444
1.36e+11	-13.693334
1.36e+11	-13.700220
1.36e+11	-13.707101
1.36e+11	-13.713977
1.36e+11	-13.720849
1.36e+11	-13.727717
1.36e+11	-13.734581
1.36e+11	-13.741440
1.37e+11	-13.748294
1.37e+11	-13.755145
1.37e+11	-13.761991
1.37e+11	-13.768832
1.37e+11	-13.775669
1.37e+11	-13.782502
1.37e+11	-13.789331
1.37e+11	-13.796155
1.37e+11	-13.802975
1.38e+11	-13.809790
1.38e+11	-13.816601
1.38e+11	-13.823408
1.38e+11	-13.830211
1.38e+11	-13.837009
1.38e+11	-13.843803
1.38e+11	-13.850593
1.38e+11	-13.857378
1.38e+11	-13.864159
1.38e+11	-13.870936
1.38e+11	-13.877708
1.39e+11	-13.884476
1.39e+11	-13.891240
1.39e+11	-13.898000
1.39e+11	-13.904755
1.39e+11	-13.911506
1.39e+11	-13.918253
1.39e+11	-13.924995
1.39e+11	-13.931734
1.39e+11	-13.938468
1.40e+11	-13.945198
1.40e+11	-13.951923
1.40e+11	-13.958645
1.40e+11	-13.965362
1.40e+11	-13.972075
1.40e+11	-13.978784
1.40e+11	-13.985488
1.40e+11	-13.992188
1.40e+11	-13.998885
1.40e+11	-14.005577
1.40e+11	-14.012264
1.41e+11	-14.018948
1.41e+11	-14.025627
1.41e+11	-14.032303
1.41e+11	-14.038974
1.41e+11	-14.045641
1.41e+11	-14.052303
1.41e+11	-14.058962
1.41e+11	-14.065616
1.41e+11	-14.072267
1.42e+11	-14.078913
1.42e+11	-14.085555
1.42e+11	-14.092193
1.42e+11	-14.098827
1.42e+11	-14.105456
1.42e+11	-14.112082
1.42e+11	-14.118703
1.42e+11	-14.125321
1.42e+11	-14.131934
1.42e+11	-14.138543
1.42e+11	-14.145148
1.43e+11	-14.151749
1.43e+11	-14.158346
1.43e+11	-14.164939
1.43e+11	-14.171528
1.43e+11	-14.178112
1.43e+11	-14.184693
1.43e+11	-14.191270
1.43e+11	-14.197842
1.43e+11	-14.204410
1.44e+11	-14.210975
1.44e+11	-14.217535
1.44e+11	-14.224092
1.44e+11	-14.230644
1.44e+11	-14.237192
1.44e+11	-14.243736
1.44e+11	-14.250277
1.44e+11	-14.256813
1.44e+11	-14.263345
1.44e+11	-14.269873
1.44e+11	-14.276398
1.45e+11	-14.282918
1.45e+11	-14.289434
1.45e+11	-14.295946
1.45e+11	-14.302454
1.45e+11	-14.308959
1.45e+11	-14.315459
1.45e+11	-14.321955
1.45e+11	-14.328448
1.45e+11	-14.334936
1.46e+11	-14.341421
1.46e+11	-14.347901
1.46e+11	-14.354378
1.46e+11	-14.360850
1.46e+11	-14.367319
1.46e+11	-14.373784
1.46e+11	-14.380245
1.46e+11	-14.386702
1.46e+11	-14.393155
1.46e+11	-14.399604
1.46e+11	-14.406049
1.47e+11	-14.412490
1.47e+11	-14.418928
1.47e+11	-14.425361
1.47e+11	-14.431791
1.47e+11	-14.438216
1.47e+11	-14.444638
1.47e+11	-14.451056
1.47e+11	-14.457470
1.47e+11	-14.463880
1.48e+11	-14.470287
1.48e+11	-14.476689
1.48e+11	-14.483088
1.48e+11	-14.489483
1.48e+11	-14.495874
1.48e+11	-14.502261
1.48e+11	-14.508644
1.48e+11	-14.515023
1.48e+11	-14.521399
1.48e+11	-14.527771
1.48e+11	-14.534138
1.49e+11	-14.540503
1.49e+11	-14.546863
1.49e+11	-14.553219
1.49e+11	-14.559572
1.49e+11	-14.565921
1.49e+11	-14.572266
1.49e+11	-14.578607
1.49e+11	-14.584945
1.49e+11	-14.591278
1.50e+11	-14.597608
1.50e+11	-14.603934
1.50e+11	-14.610257
1.50e+11	-14.616575
1.50e+11	-14.622890
1.50e+11	-14.629201
1.50e+11	-14.635509
1.50e+11	-14.641812
1.50e+11	-14.648112
1.50e+11	-14.654408
1.50e+11	-14.660700
1.51e+11	-14.666989
1.51e+11	-14.673274
1.51e+11	-14.679555
1.51e+11	-14.685833
1.51e+11	-14.692106
1.51e+11	-14.698376
1.51e+11	-14.704643
1.51e+11	-14.710905
1.51e+11	-14.717164
1.52e+11	-14.723419
1.52e+11	-14.729671
1.52e+11	-14.735918
1.52e+11	-14.742163
1.52e+11	-14.748403
1.52e+11	-14.754640
1.52e+11	-14.760873
1.52e+11	-14.767102
1.52e+11	-14.773328
1.52e+11	-14.779550
1.52e+11	-14.785769
1.53e+11	-14.791983
1.53e+11	-14.798195
1.53e+11	-14.804402
1.53e+11	-14.810606
1.53e+11	-14.816806
1.53e+11	-14.823003
1.53e+11	-14.829196
1.53e+11	-14.835385
1.53e+11	-14.841571
1.54e+11	-14.847753
1.54e+11	-14.853931
1.54e+11	-14.860106
1.54e+11	-14.866277
1.54e+11	-14.872445
1.54e+11	-14.878609
1.54e+11	-14.884770
1.54e+11	-14.890926
1.54e+11	-14.897080
1.54e+11	-14.903229
1.54e+11	-14.909376
1.55e+11	-14.915518
1.55e+11	-14.921657
1.55e+11	-14.927793
1.55e+11	-14.933924
1.55e+11	-14.940053
1.55e+11	-14.946178
1.55e+11	-14.952299
1.55e+11	-14.958416
1.55e+11	-14.964531
1.56e+11	-14.970641
1.56e+11	-14.976748
1.56e+11	-14.982852
1.56e+11	-14.988952
1.56e+11	-14.995048
1.56e+11	-15.001141
1.56e+11	-15.007230
1.56e+11	-15.013316
1.56e+11	-15.019399
1.56e+11	-15.025478
1.56e+11	-15.031553
1.57e+11	-15.037625
1.57e+11	-15.043693
1.57e+11	-15.049758
1.57e+11	-15.055820
1.57e+11	-15.061878
1.57e+11	-15.067932
1.57e+11	-15.073983
1.57e+11	-15.080031
1.57e+11	-15.086075
1.58e+11	-15.092115
1.58e+11	-15.098152
1.58e+11	-15.104186
1.58e+11	-15.110216
1.58e+11	-15.116243
1.58e+11	-15.122267
1.58e+11	-15.128286
1.58e+11	-15.134303
1.58e+11	-15.140316
1.58e+11	-15.146326
1.58e+11	-15.152332
1.59e+11	-15.158334
1.59e+11	-15.164334
1.59e+11	-15.170330
1.59e+11	-15.176322
1.59e+11	-15.182311
1.59e+11	-15.188297
1.59e+11	-15.194279
1.59e+11	-15.200258
1.59e+11	-15.206234
1.60e+11	-15.212206
1.60e+11	-15.218174
1.60e+11	-15.224140
1.60e+11	-15.230102
1.60e+11	-15.236060
1.60e+11	-15.242016
1.60e+11	-15.247967
1.60e+11	-15.253916
1.60e+11	-15.259861
1.60e+11	-15.265803
1.60e+11	-15.271741
1.61e+11	-15.277676
1.61e+11	-15.283608
1.61e+11	-15.289536
1.61e+11	-15.295461
1.61e+11	-15.301383
1.61e+11	-15.307302
1.61e+11	-15.313217
1.61e+11	-15.319128
1.61e+11	-15.325037
1.62e+11	-15.330942
1.62e+11	-15.336843
1.62e+11	-15.342742
1.62e+11	-15.348637
1.62e+11	-15.354529
1.62e+11	-15.360417
1.62e+11	-15.366303
1.62e+11	-15.372185
1.62e+11	-15.378063
1.62e+11	-15.383939
1.62e+11	-15.389811
1.63e+11	-15.395680
1.63e+11	-15.401545
1.63e+11	-15.407407
1.63e+11	-15.413266
1.63e+11	-15.419122
1.63e+11	-15.424974
1.63e+11	-15.430824
1.63e+11	-15.436670
1.63e+11	-15.442512
1.64e+11	-15.448352
1.64e+11	-15.454188
1.64e+11	-15.460021
1.64e+11	-15.465851
1.64e+11	-15.471677
1.64e+11	-15.477500
1.64e+11	-15.483320
1.64e+11	-15.489137
1.64e+11	-15.494951
1.64e+11	-15.500761
1.64e+11	-15.506568
1.65e+11	-15.512372
1.65e+11	-15.518173
1.65e+11	-15.523970
1.65e+11	-15.529765
1.65e+11	-15.535556
1.65e+11	-15.541344
1.65e+11	-15.547128
1.65e+11	-15.552910
1.65e+11	-15.558688
1.66e+11	-15.564463
1.66e+11	-15.570235
1.66e+11	-15.576004
1.66e+11	-15.581770
1.66e+11	-15.587532
1.66e+11	-15.593292
1.66e+11	-15.599048
1.66e+11	-15.604801
1.66e+11	-15.610551
1.66e+11	-15.616297
1.66e+11	-15.622041
1.67e+11	-15.627781
1.67e+11	-15.633519
1.67e+11	-15.639253
1.67e+11	-15.644984
1.67e+11	-15.650712
1.67e+11	-15.656436
1.67e+11	-15.662158
1.67e+11	-15.667876
1.67e+11	-15.673592
1.68e+11	-15.679304
1.68e+11	-15.685013
1.68e+11	-15.690719
1.68e+11	-15.696422
1.68e+11	-15.702122
1.68e+11	-15.707818
1.68e+11	-15.713512
1.68e+11	-15.719202
1.68e+11	-15.724890
1.68e+11	-15.730574
1.68e+11	-15.736255
1.69e+11	-15.741934
1.69e+11	-15.747609
1.69e+11	-15.753281
1.69e+11	-15.758950
1.69e+11	-15.764616
1.69e+11	-15.770278
1.69e+11	-15.775938
1.69e+11	-15.781595
1.69e+11	-15.787248
1.70e+11	-15.792899
1.70e+11	-15.798547
1.70e+11	-15.804191
1.70e+11	-15.809832
1.70e+11	-15.815471
1.70e+11	-15.821106
1.70e+11	-15.826739
1.70e+11	-15.832368
1.70e+11	-15.837994
1.70e+11	-15.843617
1.70e+11	-15.849238
1.71e+11	-15.854855
1.71e+11	-15.860469
1.71e+11	-15.866080
1.71e+11	-15.871688
1.71e+11	-15.877293
1.71e+11	-15.882896
1.71e+11	-15.888495
1.71e+11	-15.894091
1.71e+11	-15.899684
1.72e+11	-15.905274
1.72e+11	-15.910861
1.72e+11	-15.916446
1.72e+11	-15.922027
1.72e+11	-15.927605
1.72e+11	-15.933180
1.72e+11	-15.938753
1.72e+11	-15.944322
1.72e+11	-15.949888
1.72e+11	-15.955452
1.72e+11	-15.961012
1.73e+11	-15.966570
1.73e+11	-15.972124
1.73e+11	-15.977676
1.73e+11	-15.983224
1.73e+11	-15.988770
1.73e+11	-15.994313
1.73e+11	-15.999852
1.73e+11	-16.005389
1.73e+11	-16.010923
1.74e+11	-16.016454
1.74e+11	-16.021982
1.74e+11	-16.027507
1.74e+11	-16.033030
1.74e+11	-16.038549
1.74e+11	-16.044065
1.74e+11	-16.049579
1.74e+11	-16.055089
1.74e+11	-16.060597
1.74e+11	-16.066102
1.74e+11	-16.071603
1.75e+11	-16.077102
1.75e+11	-16.082598
1.75e+11	-16.088092
1.75e+11	-16.093582
1.75e+11	-16.099069
1.75e+11	-16.104554
1.75e+11	-16.110035
1.75e+11	-16.115514
1.75e+11	-16.120990
1.76e+11	-16.126463
1.76e+11	-16.131933
1.76e+11	-16.137400
1.76e+11	-16.142865
1.76e+11	-16.148326
1.76e+11	-16.153785
1.76e+11	-16.159241
1.76e+11	-16.164694
1.76e+11	-16.170144
1.76e+11	-16.175591
1.76e+11	-16.181035
1.77e+11	-16.186477
1.77e+11	-16.191916
1.77e+11	-16.197351
1.77e+11	-16.202785
1.77e+11	-16.208215
1.77e+11	-16.213642
1.77e+11	-16.219067
1.77e+11	-16.224489
1.77e+11	-16.229907
1.78e+11	-16.235324
1.78e+11	-16.240737
1.78e+11	-16.246147
1.78e+11	-16.251555
1.78e+11	-16.256960
1.78e+11	-16.262362
1.78e+11	-16.267761
1.78e+11	-16.273158
1.78e+11	-16.278551
1.78e+11	-16.283942
1.78e+11	-16.289331
1.79e+11	-16.294716
1.79e+11	-16.300098
1.79e+11	-16.305478
1.79e+11	-16.310855
1.79e+11	-16.316229
1.79e+11	-16.321601
1.79e+11	-16.326969
1.79e+11	-16.332335
1.79e+11	-16.337699
1.80e+11	-16.343059
1.80e+11	-16.348417
1.80e+11	-16.353771
1.80e+11	-16.359123
1.80e+11	-16.364473
1.80e+11	-16.369819
1.80e+11	-16.375163
1.80e+11	-16.380504
1.80e+11	-16.385843
1.80e+11	-16.391179
1.80e+11	-16.396511
1.81e+11	-16.401842
1.81e+11	-16.407169
1.81e+11	-16.412494
1.81e+11	-16.417816
1.81e+11	-16.423135
1.81e+11	-16.428452
1.81e+11	-16.433766
1.81e+11	-16.439077
1.81e+11	-16.444385
1.82e+11	-16.449691
1.82e+11	-16.454994
1.82e+11	-16.460294
1.82e+11	-16.465592
1.82e+11	-16.470887
1.82e+11	-16.476179
1.82e+11	-16.481469
1.82e+11	-16.486755
1.82e+11	-16.492040
1.82e+11	-16.497321
1.82e+11	-16.502600
1.83e+11	-16.507876
1.83e+11	-16.513149
1.83e+11	-16.518420
1.83e+11	-16.523688
1.83e+11	-16.528954
1.83e+11	-16.534216
1.83e+11	-16.539477
1.83e+11	-16.544734
1.83e+11	-16.549989
1.84e+11	-16.555241
1.84e+11	-16.560490
1.84e+11	-16.565737
1.84e+11	-16.570981
1.84e+11	-16.576223
1.84e+11	-16.581462
1.84e+11	-16.586698
1.84e+11	-16.591932
1.84e+11	-16.597163
1.84e+11	-16.602391
1.84e+11	-16.607617
1.85e+11	-16.612840
1.85e+11	-16.618060
1.85e+11	-16.623278
1.85e+11	-16.628493
1.85e+11	-16.633706
1.85e+11	-16.638916
1.85e+11	-16.644123
1.85e+11	-16.649328
1.85e+11	-16.654530
1.86e+11	-16.659730
1.86e+11	-16.664927
1.86e+11	-16.670121
1.86e+11	-16.675313
1.86e+11	-16.680502
1.86e+11	-16.685689
1.86e+11	-16.690873
1.86e+11	-16.696054
1.86e+11	-16.701233
1.86e+11	-16.706409
1.86e+11	-16.711583
1.87e+11	-16.716754
1.87e+11	-16.721922
1.87e+11	-16.727088
1.87e+11	-16.732251
1.87e+11	-16.737412
1.87e+11	-16.742570
1.87e+11	-16.747726
1.87e+11	-16.752879
1.87e+11	-16.758030
1.88e+11	-16.763178
1.88e+11	-16.768323
1.88e+11	-16.773466
1.88e+11	-16.778606
1.88e+11	-16.783744
1.88e+11	-16.788879
1.88e+11	-16.794012
1.88e+11	-16.799142
1.88e+11	-16.804270
1.88e+11	-16.809395
1.88e+11	-16.814518
1.89e+11	-16.819638
1.89e+11	-16.824755
1.89e+11	-16.829870
1.89e+11	-16.834983
1.89e+11	-16.840093
1.89e+11	-16.845200
1.89e+11	-16.850305
1.89e+11	-16.855407
1.89e+11	-16.860507
1.90e+11	-16.865605
1.90e+11	-16.870700
1.90e+11	-16.875792
1.90e+11	-16.880882
1.90e+11	-16.885969
1.90e+11	-16.891054
1.90e+11	-16.896136
1.90e+11	-16.901216
1.90e+11	-16.906294
1.90e+11	-16.911369
1.90e+11	-16.916441
1.91e+11	-16.921511
1.91e+11	-16.926579
1.91e+11	-16.931644
1.91e+11	-16.936706
1.91e+11	-16.941766
1.91e+11	-16.946824
1.91e+11	-16.951879
1.91e+11	-16.956932
1.91e+11	-16.961982
1.92e+11	-16.967029
1.92e+11	-16.972075
1.92e+11	-16.977118
1.92e+11	-16.982158
1.92e+11	-16.987196
1.92e+11	-16.992231
1.92e+11	-16.997264
1.92e+11	-17.002295
1.92e+11	-17.007323
1.92e+11	-17.012349
1.92e+11	-17.017372
1.93e+11	-17.022393
1.93e+11	-17.027411
1.93e+11	-17.032427
1.93e+11	-17.037441
1.93e+11	-17.042452
1.93e+11	-17.047460
1.93e+11	-17.052467
1.93e+11	-17.057471
1.93e+11	-17.062472
1.94e+11	-17.067471
1.94e+11	-17.072468
1.94e+11	-17.077462
1.94e+11	-17.082454
1.94e+11	-17.087443
1.94e+11	-17.092430
1.94e+11	-17.097414
1.94e+11	-17.102397
1.94e+11	-17.107376
1.94e+11	-17.112354
1.94e+11	-17.117329
1.95e+11	-17.122301
1.95e+11	-17.127272
1.95e+11	-17.132239
1.95e+11	-17.137205
1.95e+11	-17.142168
1.95e+11	-17.147128
1.95e+11	-17.152087
1.95e+11	-17.157043
1.95e+11	-17.161996
1.96e+11	-17.166947
1.96e+11	-17.171896
1.96e+11	-17.176843
1.96e+11	-17.181787
1.96e+11	-17.186728
1.96e+11	-17.191668
1.96e+11	-17.196605
1.96e+11	-17.201539
1.96e+11	-17.206472
1.96e+11	-17.211402
1.96e+11	-17.216329
1.97e+11	-17.221254
1.97e+11	-17.226177
1.97e+11	-17.231098
1.97e+11	-17.236016
1.97e+11	-17.240932
1.97e+11	-17.245846
1.97e+11	-17.250757
1.97e+11	-17.255666
1.97e+11	-17.260572
1.98e+11	-17.265476
1.98e+11	-17.270378
1.98e+11	-17.275278
1.98e+11	-17.280175
1.98e+11	-17.285070
1.98e+11	-17.289963
1.98e+11	-17.294853
1.98e+11	-17.299741
1.98e+11	-17.304627
1.98e+11	-17.309510
1.98e+11	-17.314391
1.99e+11	-17.319270
1.99e+11	-17.324146
1.99e+11	-17.329020
1.99e+11	-17.333892
1.99e+11	-17.338762
1.99e+11	-17.343629
1.99e+11	-17.348494
1.99e+11	-17.353357
1.99e+11	-17.358217
2.00e+11	-17.363075
2.00e+11	-17.367931
2.00e+11	-17.372784
2.00e+11	-17.377636
2.00e+11	-17.382485
